1042996
1039360
1034064
1029972
1013489
1017055
1022067
1026130
1009280
1005172
1000962
996852
984401
988302
992851
55314
54918
55667
55702
67374
67183
55760
55615
67312
67639
67695
67582
79365
78953
67686
2398785
2394190
2389965
2385649
2369022
2372572
2377361
2380639
2364941
2361441
2357343
2352353
2340592
2344509
2349042
55890
56081
55813
56029
68124
67917
56638
57005
68254
68037
68154
69071
80334
80002
68594
2086930
2082639
2078046
2073810
2057439
2060525
2065602
2068992
2053198
2049026
2044800
2040626
2028096
2031869
2036482
55683
55799
55853
55856
67401
67754
56385
56673
67732
67777
67956
68280
80074
79978
68331
2354897
2350606
2345517
2342145
2325566
2328812
2333825
2337247
2320717
2317361
2313007
2308769
2296448
2300957
2304802
55954
55990
56707
56129
68051
68228
56737
57125
68741
68348
69003
69151
80677
80041
69302
2449698
2445727
2440638
2436738
2420063
2423165
2427938
2431856
2415966
2411810
2407248
2403186
2390671
2394348
2399169
55258
54971
55343
55250
66981
67299
56113
56032
66895
67215
67862
67947
79387
79487
67791
1784994
1780015
1775726
1771922
1755807
1759197
1763938
1767280
1751150
1747586
1742704
1739218
1726864
1730509
1735218
55218
55942
55843
55553
67275
67241
56038
56325
67653
67546
68122
67823
79302
79402
67975
1778962
1774239
1769934
1765762
1748943
1752669
1757730
1761952
1745694
1741394
1737392
1732994
1721360
1724990
1728739
56290
56945
56613
56941
69047
68632
57289
56808
68425
68827
68973
69288
80238
80269
69729
2149362
2144767
2139694
2135602
2119071
2122893
2127426
2131984
2115134
2111010
2106672
2102114
2089727
2093356
2097857
56146
56657
56901
57080
68850
68355
57450
56811
68484
68422
68872
69495
80426
80570
69611
6625627
6621208
6616855
6537915
6519240
6523046
6527051
6531929
6514903
6511579
6506905
6503371
6490937
6494518
6498635
55234
55478
55411
55489
67554
67091
56754
55843
67933
67354
68045
67858
79260
79468
68458
2272738
2269007
2263966
2259682
2243231
2247549
2252178
2255696
2239150
2235138
2230672
2226562
2213743
2217612
2222401
55922
55366
56084
56309
68058
67179
56234
56521
68037
68002
68196
68505
79984
79840
68548
