0.000976562 -0.58994 -0.0166424 -0.629132 -0.0891707 -0.0976512 0.341574 
0.000976562 4.8288 -0.281137 -1.70392 0.405982 0.229512 0.175206 
0.000976562 0.56486 0.284591 -0.114945 0.0742096 0.00261749 -0.337023 
0.000976562 0.396755 -0.00827356 -0.190002 -0.752475 0.761047 -0.114522 
0.000976562 -0.0528541 0.911149 -0.0882685 0.145529 0.181964 0.261096 
0.000976562 -0.541666 -0.119116 1.00944 0.366864 0.369143 -0.0302147 
0.000976562 -0.292745 -0.697673 -0.62999 0.657065 -0.351962 -0.172053 
0.000976562 0.389216 0.359662 0.503697 -0.040858 0.0179578 -0.190912 
0.000976562 0.125796 0.460523 -0.188423 -0.77032 0.127188 -0.383434 
0.000976562 -4.63275 1.15736 0.249847 -0.121749 -0.122357 -0.0995885 
0.000976562 -0.734959 0.00149969 0.661013 -0.0552484 0.35656 0.437683 
0.000976562 -0.220529 -0.28918 0.12597 -0.883704 -0.453748 -0.484942 
0.000976562 0.151509 -0.220224 -0.148247 0.241074 0.00456343 -0.13161 
0.000976562 2.93243 -1.3624 -1.4239 0.0734297 0.278956 -0.155288 
0.000976562 0.143938 0.256157 -0.221229 0.113182 0.274838 -0.833001 
0.000976562 -0.542466 0.193039 -0.158183 0.225654 0.811059 0.842923 
0.000976562 -0.205942 1.25109 -0.764754 0.330464 0.128375 -0.618826 
0.000976562 0.419865 0.626955 0.0533829 0.23206 -0.453281 -0.110725 
0.000976562 -0.0612971 2.80874 -0.649813 0.163988 0.172559 0.138545 
0.000976562 -0.0169826 0.188559 0.168481 -0.122622 -0.215442 0.950681 
0.000976562 -0.171423 0.499978 0.260005 -0.050763 0.417107 0.247677 
0.000976562 -0.800542 0.341208 0.167696 -0.265603 -0.0371685 0.0414938 
0.000976562 -0.00217866 0.229672 -1.14928 0.0229038 -0.282187 0.59695 
0.000976562 -0.386048 -0.278161 0.962994 -0.0840735 -0.618325 0.519493 
0.000976562 -0.969494 -0.0646351 -0.144831 0.408558 0.235908 0.0981573 
0.000976562 -0.235182 -0.380472 0.241383 -0.618662 -0.484445 0.0453122 
0.000976562 -0.31014 0.405954 0.50529 0.128058 -0.183434 -0.15872 
0.000976562 0.118453 -0.0321075 0.27846 0.245485 0.0192814 -0.635845 
0.000976562 -0.0311901 0.546449 -0.458126 0.327064 -0.43299 0.13396 
0.000976562 -0.3933 0.115572 0.436688 -0.423576 -0.00717237 0.501568 
0.000976562 -0.62225 -0.40911 0.162898 0.467369 0.178379 0.81452 
0.000976562 0.692699 0.757174 -0.168036 0.434788 0.283024 0.310241 
0.000976562 2.77053 -3.76569 5.63992 -0.0613296 -0.0906882 -0.0364936 
0.000976562 -0.293174 0.629729 0.23704 0.222197 0.522673 0.661279 
0.000976562 0.13072 -0.146178 2.94836 0.265792 0.148598 -0.281037 
0.000976562 0.355886 -0.425395 0.0299882 -0.573603 0.16007 0.230044 
0.000976562 0.863522 -0.933043 0.599547 0.387411 0.0652389 0.411014 
0.000976562 -0.266367 -0.29157 -0.509103 -0.665895 -0.515817 0.175647 
0.000976562 -0.573747 0.379806 -0.426364 -0.341241 0.426639 -0.539827 
0.000976562 0.301108 -0.022894 0.0609254 -0.887397 0.218498 -0.342421 
0.000976562 -0.273659 0.0893635 -0.112384 -0.931391 -0.00482209 -0.230546 
0.000976562 -0.0830942 -0.166036 0.460319 0.390926 0.508232 -0.685146 
0.000976562 -0.836566 -0.737083 -0.575144 -0.112972 -0.238637 0.192037 
0.000976562 0.10187 0.300571 -0.359853 0.743945 0.119965 -0.713615 
0.000976562 0.788252 0.687188 -0.689984 0.219063 -0.078163 0.108014 
0.000976562 0.00519157 0.209458 -0.692516 -0.440763 -0.307285 -0.176968 
0.000976562 0.261386 0.133855 0.208534 0.0764968 -0.124474 -0.206108 
0.000976562 0.774651 0.284697 1.2413 -0.164734 -0.183389 0.329405 
0.000976562 -0.141607 0.071861 0.604415 0.440028 -0.260155 0.172581 
0.000976562 0.811036 -0.741584 0.28362 0.0936273 -0.173562 -0.0660396 
0.000976562 -0.405231 0.245667 -0.515132 0.395981 -0.0505411 0.872896 
0.000976562 -0.113533 -0.584495 -0.816322 -0.0197059 0.145965 0.498187 
0.000976562 1.23728 -0.644501 0.0364352 -0.0482073 -0.292968 0.255467 
0.000976562 0.511781 0.887572 0.506689 -0.0520526 0.288812 0.00106542 
0.000976562 0.690307 -0.817711 0.348067 0.0502863 0.646324 -0.568094 
0.000976562 0.0425648 0.337856 -1.27372 -0.523643 -0.25152 0.314035 
0.000976562 0.137018 0.302677 0.221008 -0.285223 0.227838 -0.366362 
0.000976562 0.274593 0.499783 -1.27056 -0.658067 -0.288096 -0.14113 
0.000976562 1.88201 1.53427 1.56119 -0.0397816 -0.145739 0.00613971 
0.000976562 -0.232285 2.26562 0.277752 0.388378 -0.132873 -0.175284 
0.000976562 -0.169921 0.17002 -0.278055 -0.306651 1.0855 -0.198173 
0.000976562 0.854612 0.36685 -1.30879 0.0281497 -0.0387114 0.338419 
0.000976562 1.6532 -0.921952 0.867602 -0.0949181 -0.032323 0.210491 
0.000976562 1.26505 -0.0356917 3.70562 0.169433 0.0575584 0.0740519 
0.000976562 0.263559 -0.613127 -0.65987 0.501882 0.0278747 0.515365 
0.000976562 -1.74175 0.123547 -0.544243 0.105876 0.189563 0.24997 
0.000976562 -0.593438 0.616391 -0.123604 0.81765 0.168671 0.0868526 
0.000976562 -0.0587039 -0.0630445 0.0250091 0.441636 0.620263 0.64493 
0.000976562 -0.0439472 0.69209 0.525504 -0.768891 -0.678923 -0.00656086 
0.000976562 -0.6167 0.126707 -0.172349 0.391778 -0.0930416 0.726261 
0.000976562 0.32691 0.574269 0.0738417 0.841859 0.213859 0.310003 
0.000976562 -0.22656 -0.0399684 -0.0985764 -1.19696 -0.140029 0.324566 
0.000976562 -0.769329 0.079813 -0.130026 0.40512 0.114012 -0.196925 
0.000976562 0.541018 -0.214174 0.223554 -0.126917 0.3119 0.625245 
0.000976562 0.331881 0.324274 0.0828058 0.635013 -0.590357 -0.635871 
0.000976562 -0.0347907 0.137506 -0.185591 0.0014198 0.345257 0.411802 
0.000976562 -1.82035 0.586522 0.12311 -0.0559535 0.0845788 0.349404 
0.000976562 0.359199 0.106122 -0.329759 0.549318 -0.0841529 0.068449 
0.000976562 -0.138227 0.0967374 -0.305885 0.000535461 0.685767 -0.360459 
0.000976562 -0.134571 -0.673521 -0.453365 0.0457704 -0.0653424 -0.112794 
0.000976562 0.314487 -0.494111 0.638792 -0.0846636 -0.601999 -0.0758848 
0.000976562 -0.753634 -0.398986 -0.0729539 0.351789 -0.493533 0.0244732 
0.000976562 0.940718 0.359082 0.671327 -0.36636 -0.221138 0.349354 
0.000976562 -0.260742 0.0546553 -0.370512 -0.368738 -0.793201 -0.106335 
0.000976562 -0.0651152 -0.285505 0.409174 0.0338714 -0.0979826 0.606053 
0.000976562 1.77985 -2.21388 0.281483 0.395942 0.0978373 0.161029 
0.000976562 0.197053 0.682884 0.358887 0.397554 0.353722 0.252749 
0.000976562 0.0269407 0.143381 0.0998221 0.386013 -0.224366 -0.244546 
0.000976562 -0.208094 -0.235757 -0.282901 -0.0484303 0.597168 0.0297288 
0.000976562 -0.47011 -0.138923 0.177987 -0.645335 -0.591238 0.292348 
0.000976562 -1.08676 1.11938 -0.00604734 0.180217 -0.0566661 -0.234717 
0.000976562 0.20231 0.610876 0.335182 -0.398049 -0.250632 0.521048 
0.000976562 -0.459628 0.990635 0.382549 -0.411478 0.146066 0.603057 
0.000976562 -0.934587 0.102829 0.617461 -0.638555 -0.450211 -0.0282491 
0.000976562 0.255064 0.110633 -0.0866942 -0.354724 0.141773 -0.616667 
0.000976562 -0.384278 -0.85362 -1.97008 0.168517 0.31187 0.0561687 
0.000976562 -0.353836 0.244355 0.474198 0.658347 0.358835 -0.611572 
0.000976562 -0.660816 -0.755368 0.803868 0.198258 -0.663163 0.335418 
0.000976562 -0.252272 -0.155585 0.20983 -0.269959 0.592117 -0.320938 
0.000976562 -0.613203 -0.862676 -1.73897 0.149536 -0.262423 0.363479 
0.000976562 -0.870686 -0.969515 -2.7897 -0.133455 0.021089 0.13527 
0.000976562 -2.12801 0.851132 0.515316 0.129194 -0.782489 0.115274 
0.000976562 0.0905649 -0.539904 -0.0504637 -0.320001 -0.69923 0.134214 
0.000976562 0.163225 -0.226718 0.0301626 0.251917 0.307117 0.639513 
0.000976562 -0.0390744 0.373408 0.304543 -0.578093 0.0460451 -0.0204167 
0.000976562 0.169 -0.451819 0.10164 -0.690631 0.748531 0.236631 
0.000976562 -0.241525 -0.18419 0.437936 0.63102 0.604593 -0.469976 
0.000976562 -0.0119738 0.691842 0.0309881 -0.0571755 0.767352 0.435847 
0.000976562 -2.05382 2.38748 -6.65457 -0.183753 -0.0419522 -0.155506 
0.000976562 -1.4022 -0.296492 -0.53592 0.111201 0.748055 0.404489 
0.000976562 -0.563407 0.24294 0.0509103 0.455823 0.343309 0.552155 
0.000976562 0.364772 0.445071 0.115086 -0.214592 0.695126 0.254628 
0.000976562 1.62749 1.56347 0.667211 0.142005 -0.0522519 -0.148482 
0.000976562 0.0223841 -0.127611 -0.00313971 0.00564114 -0.253712 0.57248 
0.000976562 -0.721177 -0.266801 0.249045 -0.107386 -0.05102 -0.432121 
0.000976562 -4.52214 0.207684 -1.76136 0.0602987 -0.346602 -0.148003 
0.000976562 0.12362 -0.0736268 -0.320085 0.303899 0.569356 -0.569368 
0.000976562 -0.180331 -0.408123 -1.10276 -0.0713823 -0.0476127 -0.0415173 
0.000976562 -0.0110636 0.498985 0.0393846 0.230909 -0.373219 0.337927 
0.000976562 -0.287076 -0.17264 -0.77527 -0.294839 -0.863044 -0.415582 
0.000976562 0.308081 0.00128012 -0.124112 0.352831 -0.167727 -0.508264 
0.000976562 -0.0288773 -0.0118783 -0.0506565 0.72843 0.45169 0.482632 
0.000976562 0.525861 -0.33316 -0.379519 0.00735438 -0.728834 -0.157755 
0.000976562 0.173809 0.108858 0.158294 -0.0279743 0.868325 -0.170805 
0.000976562 0.292309 0.256956 -0.336224 0.384347 -0.162005 0.258193 
0.000976562 0.0178662 -0.790484 0.453525 0.487009 -0.35685 -0.589708 
0.000976562 -1.62249 -0.267733 -2.52637 0.0257286 -0.156661 -0.0967327 
0.000976562 3.0438 -2.55171 -3.92067 0.237845 0.151609 -0.118832 
0.000976562 -0.0666363 0.301493 0.627445 0.00796987 0.395061 0.0787507 
0.000976562 -0.0482389 0.191766 -0.153427 -0.311346 1.05615 -0.0455899 
0.000976562 -0.149955 0.101116 -0.0931011 -0.180577 0.318284 0.826958 
0.000976562 3.92873 -0.0809079 -1.26003 -0.253643 0.00700088 0.230503 
0.000976562 0.544909 0.755185 -1.21082 0.13624 -0.509385 0.257049 
0.000976562 0.314016 -0.668907 -0.530133 -0.857075 -0.141481 0.0745064 
0.000976562 0.276539 0.144684 0.146276 0.425639 -0.281063 0.783212 
0.000976562 0.352918 0.194286 -0.255668 0.47071 -0.0191655 -0.0166958 
0.000976562 -1.8219 -2.16396 0.937514 -0.193026 0.232555 0.181721 
0.000976562 4.59805 -3.8146 3.53875 -0.157958 0.113162 -0.136105 
0.000976562 0.418329 -0.457597 -0.681048 0.0586792 -0.220708 -0.448172 
0.000976562 0.205383 -0.810411 -0.0521946 0.422298 0.0599178 0.230545 
0.000976562 0.573681 0.92956 0.69982 0.181139 -0.0534827 0.6358 
0.000976562 0.215944 -0.102843 1.77417 -0.379265 -0.171235 -0.392467 
0.000976562 0.346632 0.167422 0.325592 0.71016 -0.138339 -0.345345 
0.000976562 -0.00830098 -0.0954005 0.174833 0.102769 -0.221874 0.101014 
0.000976562 -0.233373 0.146631 -0.727231 -0.298424 -0.212175 0.469437 
0.000976562 0.6555 -0.868123 0.320184 0.297918 0.337595 -0.194505 
0.000976562 -0.228672 0.0861127 0.567573 0.144224 0.492484 -0.499644 
0.000976562 -0.190312 -0.00490663 0.459702 0.220352 -0.0503836 0.19626 
0.000976562 0.314852 1.4171 0.233357 0.209128 -0.019469 -0.364376 
0.000976562 1.21635 -0.822337 0.610816 0.0664436 0.299794 -0.0833937 
0.000976562 0.0791259 -0.190265 -0.0863898 0.807909 0.616232 0.2199 
0.000976562 -0.0412968 0.214794 0.00524526 0.271889 1.32988 -0.0894262 
0.000976562 -0.0211147 0.0625898 0.144422 0.0205714 0.0336734 -0.140362 
0.000976562 0.140849 -0.251771 -0.399678 -0.530535 -0.387756 0.0854534 
0.000976562 0.123294 0.103429 0.342023 -1.04513 -0.475927 0.172324 
0.000976562 0.0611106 -0.33117 -0.178696 0.263953 -0.0609794 0.695307 
0.000976562 -0.228128 0.142229 0.0287004 -0.200408 0.282598 -0.506979 
0.000976562 0.443346 0.462566 -0.295217 -0.0595289 0.217322 0.370275 
0.000976562 -6.68326 0.189827 2.20341 0.279062 -0.0716363 0.170012 
0.000976562 0.617661 -0.221778 0.215038 -0.29944 -0.546799 0.153936 
0.000976562 -0.177923 -0.458968 0.425256 0.212755 0.366075 -0.390128 
0.000976562 0.428583 0.87562 -0.51641 0.0151982 -0.475324 -0.157687 
0.000976562 0.706892 -0.196465 -0.178198 0.326392 -0.528476 0.0369125 
0.000976562 0.778228 0.680575 -0.928769 -0.0624939 0.383787 -0.240927 
0.000976562 0.471846 -0.0915278 -0.384117 0.269841 -0.493453 0.0308041 
0.000976562 0.921015 -1.5207 1.49004 0.155846 -0.422072 0.0902126 
0.000976562 -0.237708 0.24812 0.257084 -0.00111307 -0.533454 -0.384363 
0.000976562 3.16305 0.0979919 1.56473 0.027689 -0.0677937 0.117186 
0.000976562 -2.25477 -1.05505 0.555858 -0.0371403 0.0263705 -0.493081 
0.000976562 0.331611 -0.640443 -0.202282 0.138435 0.581926 -0.587409 
0.000976562 -0.136326 0.631449 0.112087 0.256997 0.237057 0.40842 
0.000976562 -0.0898117 1.19635 0.427779 0.65276 -0.0980251 -0.0777329 
0.000976562 2.55274 1.1794 1.76953 0.00435335 0.157102 -0.0498716 
0.000976562 1.15378 1.85449 2.06831 -0.17161 0.487954 -0.194666 
0.000976562 1.05191 1.37524 -1.38058 -0.249431 -0.472381 0.332944 
0.000976562 0.39741 0.298724 0.128724 0.254548 0.572506 -0.510982 
0.000976562 -0.294089 -0.094335 -0.696772 -0.0880119 0.216324 0.22655 
0.000976562 -0.334386 -0.196235 -0.0361585 0.906431 -0.540147 -0.0338284 
0.000976562 0.271159 0.249586 -0.186218 -0.178289 -0.599815 0.235618 
0.000976562 -0.154504 0.147921 -0.220264 -0.0928467 -0.0271667 -0.141387 
0.000976562 1.20161 1.39174 -1.55483 0.273447 -0.20194 0.16417 
0.000976562 0.0487699 0.509156 0.070038 0.238702 0.552464 0.422746 
0.000976562 0.070758 0.207944 0.336877 -0.0213326 -0.645183 0.253603 
0.000976562 0.196218 -0.0978554 -0.383311 0.200114 -0.897106 0.660899 
0.000976562 -0.103472 -0.138183 -0.0432107 0.308848 -0.845737 -0.162565 
0.000976562 0.95514 0.0443973 -1.08644 0.218318 -0.690364 0.121536 
0.000976562 -0.175031 -0.0583061 0.588899 0.267637 -0.356176 0.183634 
0.000976562 -0.107265 -0.379866 0.470864 0.00998488 0.0450821 -0.623039 
0.000976562 -0.465996 0.581726 0.443952 0.326889 0.159246 -0.339341 
0.000976562 -0.504475 0.362235 -0.378012 0.267696 0.0709329 -0.235855 
0.000976562 -0.950364 0.893431 0.900027 -0.497279 -0.0167642 0.0281614 
0.000976562 0.128663 0.351096 -0.295786 -1.05672 -0.274171 0.570462 
0.000976562 0.0282077 -0.00719923 0.349812 -0.00591344 -0.0309867 0.102559 
0.000976562 -1.18201 -1.72085 -1.59281 0.349829 -0.0733122 0.103181 
0.000976562 -0.515707 -1.50236 -0.0690187 -0.203261 -0.16377 -0.200387 
0.000976562 -2.95653 -0.519752 -0.440649 0.230713 -0.0106264 0.0231329 
0.000976562 -0.260916 0.436901 -0.226116 0.167355 -0.239006 -0.891822 
0.000976562 0.21768 0.440093 -0.308182 -0.271598 -0.955352 0.485992 
0.000976562 -0.205082 0.126634 0.217621 0.111309 0.116356 -0.449023 
0.000976562 -0.134976 -0.666778 -0.175689 0.328273 -0.427614 0.0672445 
0.000976562 -0.0881144 0.163622 0.325435 -0.132724 0.493254 0.436002 
0.000976562 -1.15366 -1.13601 0.179862 0.101564 0.759508 0.038633 
0.000976562 1.87999 -0.723398 -0.601628 0.210732 0.0628187 -0.404679 
0.000976562 3.2946 3.49922 -3.31612 0.0999481 -0.25711 0.263649 
0.000976562 0.130677 -0.0557624 0.692396 0.646346 -0.0069422 -0.532813 
0.000976562 -0.570892 0.0924976 0.79173 0.103395 0.129429 0.643209 
0.000976562 0.351501 0.265872 -0.244995 -0.125297 -0.16614 0.126437 
0.000976562 -0.854401 -1.50588 1.50724 0.0191707 -0.461536 -0.269352 
0.000976562 -0.263266 0.197268 0.108322 0.236356 0.100544 -0.446776 
0.000976562 1.15038 -0.506193 1.67758 -0.0426558 0.0316129 -0.136111 
0.000976562 -0.167981 -0.100152 -0.422714 -0.792272 -0.236424 0.334376 
0.000976562 0.105662 0.367067 -0.265297 0.105164 -0.810131 0.686822 
0.000976562 0.0657077 1.29066 0.779854 -0.411232 0.0198096 0.484297 
0.000976562 -0.0736762 0.13261 -0.446125 0.162384 -0.0134035 0.819795 
0.000976562 0.478186 -0.74949 0.382069 0.233119 0.314867 -0.0378953 
0.000976562 -0.46486 0.624841 -0.451445 -0.250688 0.25662 0.18509 
0.000976562 0.157977 0.732309 0.0863943 0.351942 -0.360862 0.172473 
0.000976562 0.13956 0.103535 0.304451 -0.467938 -0.712282 -0.147322 
0.000976562 0.624856 -0.191253 -0.731618 -0.585478 -0.146116 -0.537937 
0.000976562 0.429009 -0.380629 0.17447 -0.364355 0.460891 -0.0181347 
0.000976562 0.268569 0.301202 -0.318285 0.298707 -0.470236 0.840111 
0.000976562 0.482653 -1.07858 -5.17859 -0.316037 0.151231 -0.0246956 
0.000976562 -0.688256 0.434361 0.666088 0.591744 -0.363171 -0.281638 
0.000976562 0.0178806 0.474707 0.397815 -0.0489565 0.139898 -0.459744 
0.000976562 -0.210236 0.0740118 -0.790382 0.289921 -0.0604767 0.262352 
0.000976562 -0.364552 0.191837 -0.0648972 -0.247515 0.458048 0.000263707 
0.000976562 -0.180002 -0.1478 -0.0721463 -0.716987 -0.704903 0.572833 
0.000976562 0.0091394 0.200665 -0.519381 -0.239289 -0.221965 -0.756865 
0.000976562 0.678711 -0.305171 -0.556087 -0.860558 -0.0197576 -0.49718 
0.000976562 1.43118 0.291228 -1.33657 0.206375 -0.20633 -0.414084 
0.000976562 -0.16984 1.53653 0.807894 -0.292302 -0.0238529 -0.217922 
0.000976562 -0.0195616 0.889028 -0.165012 0.319083 -0.071425 0.0552304 
0.000976562 0.273761 0.101787 -0.112266 -0.698344 -0.047834 -0.29895 
0.000976562 -1.11165 -0.212335 0.410688 0.205571 -0.917182 0.280339 
0.000976562 -0.172032 0.00917901 0.916524 -0.240798 -0.120891 0.110885 
0.000976562 -0.350713 0.452604 -0.0835489 0.00861923 0.152714 0.750406 
0.000976562 0.00290473 0.364244 -0.778697 -0.112601 0.128306 -0.198194 
0.000976562 -0.796979 -3.26117 1.71442 0.212196 -0.119137 0.401184 
0.000976562 0.405658 0.124934 0.009858 -1.11217 -0.352512 -0.474367 
0.000976562 0.683617 -0.0958291 -0.340468 0.552347 0.321602 -0.338769 
0.000976562 0.245584 -0.276963 -0.398396 -0.669554 0.265101 -0.347607 
0.000976562 0.302282 -0.22146 0.235112 0.520763 0.556489 -0.166537 
0.000976562 0.11322 -0.991885 0.569408 -0.411412 -0.657267 0.309025 
0.000976562 -0.130376 -0.0709556 0.307719 1.2872 0.167974 0.246892 
0.000976562 0.403022 -0.184602 -0.106379 0.225402 0.628761 0.0752847 
0.000976562 0.176946 -0.104214 0.191116 0.165572 1.04714 -0.161689 
0.000976562 0.0720664 0.406357 -0.251909 -0.509696 0.124897 0.0236742 
0.000976562 -0.314655 0.0665344 -0.5387 0.183514 0.478047 -0.616291 
0.000976562 0.710614 -0.856133 0.26654 0.107214 0.375299 0.22364 
0.000976562 -0.620601 0.318758 0.198079 0.34727 0.175481 -0.812537 
0.000976562 -0.289984 0.478963 0.698162 -0.310375 0.12745 0.492433 
0.000976562 0.0049918 0.138306 -0.0196002 -0.215349 -0.439439 -0.428711 
0.000976562 -0.15441 -3.99186e-05 0.0980203 0.733126 -0.795745 0.88085 
0.000976562 0.561662 0.443133 1.59598 -0.232444 0.0626978 -0.36513 
0.000976562 -3.72845 1.07132 4.34531 -0.183839 -0.114808 -0.449082 
0.000976562 -0.103524 -0.195023 -0.0140541 -0.293154 -0.679404 0.377595 
0.000976562 0.0985355 0.0518211 0.149887 0.169374 0.11744 0.576024 
0.000976562 -0.605189 -0.209645 -0.801979 -0.173911 -0.0342021 -0.37479 
0.000976562 0.107964 -0.119365 1.3749 -0.556629 0.0800866 0.00534676 
0.000976562 -0.942932 0.128295 -0.439107 -0.626899 0.0855933 -0.144489 
0.000976562 1.03537 0.646773 0.112565 0.227574 0.484185 -0.264751 
0.000976562 -0.416543 0.06637 -0.632342 0.0604725 0.732205 0.553591 
0.000976562 0.211236 2.29573 -0.641999 -0.188799 -0.346173 -0.167483 
0.000976562 -2.38196 -1.9978 0.340454 -0.0113902 0.129504 0.168712 
0.000976562 -0.00970696 -1.00955 -0.399401 0.362328 0.393462 -0.287694 
0.000976562 -0.525677 -0.883138 0.899615 0.0611954 -0.523357 0.457802 
0.000976562 0.691421 -1.64469 -1.48718 0.0983149 0.0789151 0.0154467 
0.000976562 -0.354805 -0.0705971 0.0289344 0.168639 -0.766626 -0.885819 
0.000976562 -0.541645 0.379473 -0.9578 -0.145917 -0.579447 0.293012 
0.000976562 -0.129035 0.58062 0.95886 0.254429 -0.5326 0.118679 
0.000976562 0.280495 0.0654159 0.449152 -0.767536 -0.237831 0.395414 
0.000976562 1.15874 1.5034 2.01372 -0.0331557 0.106063 0.358417 
0.000976562 -0.535092 0.13583 -0.383778 -0.357894 0.134757 -0.453129 
0.000976562 -0.0171179 0.643168 0.50763 0.135001 -0.286406 -0.691513 
0.000976562 -0.109067 -0.0316146 -0.0703711 0.798868 0.166138 -0.395033 
0.000976562 -0.0454479 0.370271 0.282275 -0.117629 -0.296414 0.33124 
0.000976562 0.130684 -0.545147 1.09787 -0.284213 -0.149343 -0.293633 
0.000976562 0.844336 1.12457 -0.103564 0.0201805 -0.298606 0.0984431 
0.000976562 -0.207673 -0.435454 0.189645 0.0517655 0.410452 -0.920388 
0.000976562 -0.0950887 0.536181 0.200411 0.0130619 0.779351 -0.2089 
0.000976562 0.799604 0.0963434 -0.294354 -0.101029 -0.502693 -0.646794 
0.000976562 -0.0341845 -0.17392 0.205546 0.916094 0.01966 -0.209903 
0.000976562 -0.575265 0.0748967 -0.0334808 0.082711 -0.344276 -0.148191 
0.000976562 0.0913854 -0.225934 -0.299775 -0.133219 0.281425 -0.218776 
0.000976562 -0.953248 -0.250683 -0.872324 -0.345258 0.391467 -0.430381 
0.000976562 -2.49278 -2.73587 -1.32628 -0.0967627 -0.244784 0.223019 
0.000976562 0.0638025 0.0811306 0.314471 -0.0303204 -0.581485 -0.202672 
0.000976562 0.324155 1.07802 0.686407 -0.110226 0.280902 0.0874644 
0.000976562 -0.0290801 0.84176 -0.501143 0.0867623 -0.449643 0.350808 
0.000976562 -1.11979 -0.422916 -0.306618 -0.560939 0.467284 -0.0712942 
0.000976562 3.06026 -3.94535 2.854 -0.0123224 -0.142267 0.30511 
0.000976562 0.298014 -0.234236 -0.64524 0.610878 0.82197 -0.167953 
0.000976562 0.0918745 0.697541 -0.117859 0.130758 0.529654 -0.131506 
0.000976562 0.612196 0.0866691 0.291273 0.00752178 0.271536 0.135779 
0.000976562 0.354463 0.395757 -0.872665 0.496772 0.0348824 -0.38034 
0.000976562 1.00874 -0.451037 1.22298 -0.608324 0.424933 0.00198767 
0.000976562 0.246171 -0.275257 0.674207 0.217608 0.509755 0.645021 
0.000976562 -0.474978 -0.311586 -1.61274 -0.238247 0.251245 -0.0297036 
0.000976562 1.32173 -1.14016 1.48103 -0.334519 0.169695 -0.0997611 
0.000976562 0.0318447 -0.101198 -0.247368 0.0615846 -0.868016 -0.228725 
0.000976562 1.1453 0.31562 0.314862 0.474985 -0.131761 -0.377376 
0.000976562 -0.909029 -0.340998 1.10032 0.0835206 0.132934 -0.106966 
0.000976562 -0.675397 0.0188879 0.407256 -0.397243 0.742353 -0.516885 
0.000976562 0.167424 0.364243 -0.221709 0.350541 0.259813 -0.289592 
0.000976562 0.75952 -0.324421 0.340401 0.144695 0.437097 0.548985 
0.000976562 -0.275727 -1.56013 0.359745 0.213037 0.545457 0.152523 
0.000976562 0.169355 0.103324 0.467573 0.180401 0.806023 -0.132127 
0.000976562 0.180576 0.857064 0.741022 0.0460107 0.396534 0.0760232 
0.000976562 0.390681 -0.092719 0.0842707 0.312653 -0.193284 -0.181012 
0.000976562 -0.539441 -0.43094 -0.543485 0.321147 0.146539 -0.264003 
0.000976562 0.831333 0.627097 -0.917088 0.213671 -0.0921217 -0.764298 
0.000976562 -0.148141 0.207197 -0.397924 0.928036 0.248068 -0.24727 
0.000976562 -9.49513 3.16342 3.34139 -0.0607406 0.115428 -0.0256558 
0.000976562 0.928405 0.344711 0.289563 0.444564 -0.0236658 0.634081 
0.000976562 -0.244703 0.225013 -0.349225 0.146809 -0.204629 -0.17869 
0.000976562 0.541233 -0.634746 0.592336 0.745693 -0.435652 -0.546511 
0.000976562 -0.0314678 0.879379 0.183275 -0.5394 0.631868 -0.666507 
0.000976562 -0.18302 0.694533 0.659784 0.264965 0.247976 -0.297728 
0.000976562 -0.109653 0.625135 1.40692 0.309232 0.752545 0.0734517 
0.000976562 -0.302257 0.0952212 0.307568 -1.01227 0.309474 0.427932 
0.000976562 0.138735 -1.26997 1.0059 -0.0095395 0.182621 0.114841 
0.000976562 0.332203 0.80438 0.227402 -0.329738 -0.52316 -0.689921 
0.000976562 0.0168003 -0.0884977 0.0541899 -0.104004 -0.216216 -0.476628 
0.000976562 -0.449988 0.250165 -0.360963 -0.725412 -0.00480578 0.0180206 
0.000976562 -0.630644 -0.214834 -0.533454 -0.122278 0.506145 -0.547879 
0.000976562 0.253404 0.439034 -0.633961 0.281229 -0.468951 0.579499 
0.000976562 -4.96226 8.7925 -1.16169 0.106793 -0.0393733 -0.0847194 
0.000976562 -0.45512 -0.197285 -0.289165 0.497886 0.475669 -0.700204 
0.000976562 0.249537 0.205815 -0.390693 0.219388 0.509577 0.555809 
0.000976562 0.494077 -0.505137 0.375676 -0.38103 0.145263 -0.261824 
0.000976562 -0.268614 0.23461 0.11582 -1.25597 -0.0960469 0.58783 
0.000976562 0.342585 0.53283 -0.0850828 -0.642717 -0.236223 0.649449 
0.000976562 -0.288962 0.0902389 0.199983 -0.215578 -0.15889 0.539762 
0.000976562 -0.604954 -0.0282481 0.340633 0.630835 0.604964 0.496803 
0.000976562 -0.0475372 0.159082 0.209021 0.434209 0.741209 -0.381876 
0.000976562 1.19723 -2.79538 1.35569 -0.284204 -0.151667 0.172121 
0.000976562 -0.184053 -0.340757 0.49067 0.431299 -1.06315 0.563544 
0.000976562 -6.65826 -1.28928 4.00959 0.0181519 0.0178737 0.34615 
0.000976562 0.452074 0.0389442 -0.653866 -0.41579 0.0693867 0.480835 
0.000976562 0.922653 1.90276 0.877736 0.326527 -0.165826 0.288584 
0.000976562 -0.162743 -0.074678 0.105609 0.685701 0.697475 0.0490941 
0.000976562 0.891367 -0.235041 0.175438 -0.129245 -0.211244 -0.46776 
0.000976562 0.0598975 -0.0891703 0.909442 0.271122 -0.22341 -0.53102 
0.000976562 -0.825271 -1.20025 0.119665 -0.243156 0.0158884 0.150069 
0.000976562 -0.607856 0.452146 -0.582662 -0.59458 0.00924072 0.653049 
0.000976562 0.00767017 0.130144 0.0201811 0.195765 -0.16524 -0.991414 
0.000976562 0.937387 -0.113801 -0.083366 -0.22058 0.38099 -0.169466 
0.000976562 0.712854 -1.48269 -0.571145 0.558561 -0.181323 -0.0493866 
0.000976562 0.0611148 -0.303621 -0.233365 -1.14235 -0.0224944 -0.27002 
0.000976562 -2.9472 -1.45028 -0.341854 -0.310127 0.144891 -0.126503 
0.000976562 -0.12626 -0.327711 0.0194186 -0.710847 -0.854328 0.301341 
0.000976562 -0.456657 0.406254 0.558917 -0.683031 -0.540205 0.315256 
0.000976562 -2.55432 1.51126 -0.350363 -0.224822 -0.167764 -0.338842 
0.000976562 -0.247927 -0.268231 -0.21537 -0.084099 0.758431 0.15169 
0.000976562 -0.785481 0.0627297 -0.605714 -0.184416 -0.0788687 0.869635 
0.000976562 0.0629052 0.408189 0.181939 0.408644 -0.101797 -0.246066 
0.000976562 1.22463 -0.159442 -0.440268 0.266285 -0.0711306 0.100922 
0.000976562 -0.821808 0.342773 1.39981 -0.16993 -0.371958 -0.324381 
0.000976562 0.467609 -0.12148 0.171338 -0.695329 -0.139025 -0.633876 
0.000976562 -0.463468 0.638705 0.124231 0.125309 -0.198554 0.128777 
0.000976562 0.559194 0.116653 0.422692 0.335516 0.0105775 -0.61869 
0.000976562 1.24965 1.18814 -0.547002 0.0589531 -0.507048 0.570681 
0.000976562 0.314224 0.555502 -0.0982117 0.270397 -0.610516 -0.584459 
0.000976562 -3.90706 -0.877795 -4.57244 0.235056 0.14453 0.0913528 
0.000976562 -0.108844 0.605518 0.060586 -0.224276 0.409807 -0.320131 
0.000976562 -0.410783 -0.48265 -0.0601361 0.139569 0.40171 0.035067 
0.000976562 0.118856 -0.000914696 -0.123986 -0.802906 -0.812423 -0.708622 
0.000976562 1.1633 -2.76751 -2.14065 0.421026 -0.227292 -0.00790187 
0.000976562 0.178223 -0.130343 0.694137 0.353594 -0.304178 -0.0694019 
0.000976562 0.150058 -0.0976074 0.10135 0.523947 -0.663798 0.137744 
0.000976562 0.614996 -0.46825 -0.177829 -0.593801 -0.122527 -0.162774 
0.000976562 -0.238241 0.519978 0.570657 0.455564 0.60637 0.00961226 
0.000976562 -0.0523784 0.149073 -0.501295 -0.413473 -0.839294 -0.112953 
0.000976562 0.202269 0.101059 -0.389335 0.256939 0.468453 -0.36566 
0.000976562 -0.876185 0.41402 0.232904 0.512586 0.150534 0.15247 
0.000976562 -0.234991 0.700618 -0.711865 0.0175833 0.947481 0.156915 
0.000976562 1.57666 2.2257 0.564097 0.208974 0.0857455 -0.0675799 
0.000976562 0.400039 -0.0626131 -0.0936195 0.247075 -0.0407881 -0.282494 
0.000976562 0.818626 -0.589535 1.86785 -0.380848 0.084795 -0.154559 
0.000976562 0.182638 -0.0498775 0.0566832 -0.765873 -0.113347 -0.15952 
0.000976562 1.15133 1.9102 2.00146 -0.421822 -0.121801 0.396409 
0.000976562 -1.13372 0.694129 -0.977865 -0.33012 -0.373597 -0.466505 
0.000976562 0.448383 -0.348804 -0.257216 -0.0377878 -1.20187 0.0453492 
0.000976562 -0.288928 0.071282 -0.0384021 -0.660714 0.0830998 0.366344 
0.000976562 -0.60935 -0.232232 -0.25682 0.52242 -0.50916 0.712369 
0.000976562 0.0635405 -0.207906 -0.247277 -0.0899983 -1.20296 0.166944 
0.000976562 -0.0914623 0.396391 0.179091 -0.346222 0.456915 0.131864 
0.000976562 0.160758 1.34602 -0.941709 0.499611 0.0609572 -0.184428 
0.000976562 0.123204 0.087515 -0.431877 0.845712 -0.32928 -0.197355 
0.000976562 -0.0525775 -0.579054 1.52591 0.0201835 -0.142057 0.496837 
0.000976562 2.22946 1.4223 1.40277 0.117322 -0.217523 -0.0823194 
0.000976562 0.369397 0.243249 -0.486391 0.555306 -0.0126626 -0.2681 
0.000976562 0.0537071 -0.296085 0.240977 -0.530185 0.502476 0.0267191 
0.000976562 0.0327805 -0.655278 -0.194437 0.166636 0.136699 -0.380668 
0.000976562 -0.402035 0.113905 0.00395848 0.740796 0.115094 0.550848 
0.000976562 0.56148 0.243059 -0.487707 -0.654757 0.273699 -0.0951267 
0.000976562 0.0328817 0.192909 -0.464427 0.287016 -0.799823 0.531775 
0.000976562 -0.284275 -0.156271 0.194064 0.761217 -0.404329 0.0283616 
0.000976562 0.151545 0.511477 0.0133551 -0.156043 0.198812 -0.419421 
0.000976562 -0.384604 -2.03618 2.15284 -0.130913 0.302218 0.147193 
0.000976562 -1.42204 -0.177974 0.348128 -0.393845 -0.0875641 -0.0678765 
0.000976562 -0.12372 -0.0912442 0.257721 -0.690719 -0.688022 0.263236 
0.000976562 0.937389 0.694665 -0.788212 -0.141402 -0.407898 0.142498 
0.000976562 0.339705 -0.799191 0.0183384 0.070935 0.608906 -0.23308 
0.000976562 -1.68716 2.27082 0.521869 -0.360042 0.230698 -0.358566 
0.000976562 0.595343 0.320252 -0.420215 -1.01501 0.392411 -0.071715 
0.000976562 0.291386 -0.0790878 -0.13004 -0.780474 0.245913 -0.706378 
0.000976562 -0.223996 -0.629727 0.502352 0.201298 -0.329929 -0.351518 
0.000976562 0.34682 1.41606 0.374339 -0.056763 -0.245098 -0.234937 
0.000976562 0.885167 0.336628 -0.32562 0.145505 0.318537 -0.151677 
0.000976562 -0.571375 0.00315439 -0.963308 -0.102153 0.0821624 -0.523029 
0.000976562 4.26403 -1.04031 2.08568 -0.133647 0.140448 0.432978 
0.000976562 1.18661 1.07209 -0.454653 0.00584082 -0.450872 -0.211121 
0.000976562 0.191466 -0.00798904 0.184286 0.19297 -0.511781 -0.45625 
0.000976562 0.228863 -8.38408 -1.33023 0.0457598 0.142487 0.148154 
0.000976562 -0.0222194 0.498263 -0.102692 -0.200611 0.318566 -0.298658 
0.000976562 0.0477102 -0.599143 -0.0932149 0.214911 0.239289 0.401161 
0.000976562 1.88549 -2.04146 -2.26584 0.0388211 -0.164869 -0.288243 
0.000976562 0.201682 0.127724 -0.0330261 0.151746 0.524235 0.00710125 
0.000976562 -0.138956 0.0315934 0.291403 0.357871 0.365363 0.131841 
0.000976562 0.847935 -0.119705 -0.526753 0.0665368 0.209041 0.487359 
0.000976562 0.213132 -0.832382 0.0762908 0.112937 -0.100586 -0.0354128 
0.000976562 0.346145 -0.074988 -0.235775 -0.322138 -0.685011 0.797506 
0.000976562 0.325724 -0.034053 0.568107 -0.10273 0.644456 -0.389537 
0.000976562 0.283742 0.180012 1.01197 -0.175287 -0.0614533 -0.0902628 
0.000976562 0.113494 0.171217 -0.793087 -0.661444 0.253911 -0.472858 
0.000976562 0.126145 -0.047011 -0.0774994 0.56432 -0.434838 -0.542078 
0.000976562 -0.0601537 0.26349 0.0142836 -0.692307 -0.906486 -0.105734 
0.000976562 -1.55935 -0.150622 -0.403927 0.419561 0.146537 -0.450271 
0.000976562 0.642427 -0.0745117 -0.248639 -0.0975988 -0.335245 -0.207262 
0.000976562 0.174475 0.09972 -0.0741811 0.659267 -0.13961 0.428265 
0.000976562 0.0733014 -0.269475 0.23092 0.566621 0.421047 -0.317044 
0.000976562 -0.704595 -0.78225 1.95995 0.239816 -0.0226111 0.114159 
0.000976562 0.618724 -0.228531 -0.437052 -0.550724 0.526253 0.182845 
0.000976562 0.816192 -0.327344 0.5574 0.0964912 0.0952248 0.0360013 
0.000976562 2.44816 -0.71991 2.55154 -0.00127611 -0.391716 -0.13917 
0.000976562 0.230061 -0.61116 -0.538953 -0.582465 0.455089 0.316926 
0.000976562 2.50114 -1.74233 1.8235 -0.100089 -0.44796 -0.0195465 
0.000976562 -0.0714423 0.202632 -0.210106 0.192163 -0.156257 0.508413 
0.000976562 0.276197 0.2339 0.746142 -0.393327 0.262951 -0.494184 
0.000976562 -1.01591 -1.49285 1.09988 0.438592 0.188705 0.31549 
0.000976562 0.346334 -0.430165 0.603127 0.487659 -0.268963 -0.256794 
0.000976562 -0.763976 0.998919 -1.11668 0.143032 -0.180977 -0.318789 
0.000976562 -0.143416 0.00815367 0.117184 -0.572087 0.483854 -0.0309827 
0.000976562 0.190116 0.245072 0.357782 0.396317 -0.280641 -0.0959985 
0.000976562 -0.122832 -0.146956 -0.267305 0.645136 0.177897 -0.682315 
0.000976562 0.436459 -0.235062 0.632909 -0.275221 0.286507 -0.228865 
0.000976562 -0.22211 2.9651 -1.71136 0.221201 0.208397 -0.333286 
0.000976562 0.119084 0.130741 0.683911 -0.587566 -0.0934262 -0.476149 
0.000976562 -1.37037 -0.0881724 0.687739 0.0170946 -0.0267982 -0.154219 
0.000976562 -0.0178119 -0.147423 0.0690038 0.448473 -0.269416 -0.11565 
0.000976562 0.565699 -0.243418 -0.0992319 -0.337255 -0.189571 0.856404 
0.000976562 0.019265 -0.0755299 0.787876 -0.38236 0.203829 -0.14043 
0.000976562 -0.155708 -0.25937 0.475034 0.0671348 -0.390981 1.0296 
0.000976562 -0.369491 -0.0811182 0.18322 0.245096 0.0613716 -0.903417 
0.000976562 0.0733028 -0.170682 -0.091566 0.226365 0.487314 -0.956183 
0.000976562 -3.75086 -0.479416 0.501827 -0.267837 -0.0864378 0.456578 
0.000976562 -0.316207 0.179667 0.251539 0.0251145 0.952038 -0.161013 
0.000976562 -0.265771 -0.831647 -0.686995 0.453704 -0.130127 -0.497228 
0.000976562 -0.262595 -0.185806 0.557317 -0.213773 0.504442 -0.314608 
0.000976562 -1.22995 -0.201584 -0.720576 -0.219695 -0.487294 -0.0556306 
0.000976562 0.0393462 -0.653423 -0.0673717 -0.433431 0.276615 -0.727892 
0.000976562 -0.241501 0.208645 0.0332278 -0.408237 -0.38287 -1.13291 
0.000976562 0.679872 0.500375 -0.504756 0.869509 -0.300219 -0.250879 
0.000976562 -0.116103 -0.0401669 0.587592 -0.678703 0.0488892 -0.291107 
0.000976562 0.17259 0.262454 0.157122 -0.171987 0.770531 -0.47903 
0.000976562 0.497501 1.11279 -0.321771 -0.680892 -0.0963569 0.305878 
0.000976562 0.195781 0.455796 -0.588766 0.785469 -0.486368 0.379408 
0.000976562 0.121388 -0.229527 0.22286 1.08558 -0.387023 0.113971 
0.000976562 -0.703937 -0.147923 0.0730564 -0.421192 0.182978 0.360547 
0.000976562 0.068985 -0.310802 -0.36698 -0.0701172 0.279054 0.13573 
0.000976562 -0.29007 1.17189 -0.0643489 0.135552 0.323994 -0.507693 
0.000976562 0.51474 0.298579 0.299426 0.548534 0.36515 0.43146 
0.000976562 -0.492242 -0.534593 -0.215979 -0.420727 0.114431 -0.357245 
0.000976562 -0.659329 -0.711632 -0.131678 -0.177059 -0.478739 0.134987 
0.000976562 0.857443 -0.354843 0.220777 -0.190683 0.0950872 -0.11452 
0.000976562 0.554161 0.440732 -0.0878486 0.412023 -0.115831 0.762182 
0.000976562 -0.228261 0.510259 0.359973 0.53383 -0.767344 -0.24091 
0.000976562 -0.324688 -0.0430789 -0.287711 -0.186418 0.34772 -0.6729 
0.000976562 -0.113394 -0.0232112 0.164637 -0.371599 0.248997 0.308766 
0.000976562 0.277612 -0.217782 -0.18435 0.0807059 0.0318534 -0.142009 
0.000976562 0.5032 -1.05653 -0.664789 -0.0577819 -0.275463 -0.393008 
0.000976562 -0.0425599 -0.0559606 0.385507 -0.388316 -0.162581 -0.664671 
0.000976562 -1.91521 0.843918 -0.269652 0.0324387 0.209924 -0.12912 
0.000976562 -0.656662 -0.389101 -0.0943861 0.494364 -0.274087 0.378257 
0.000976562 0.246687 -0.607906 0.173663 0.293568 0.00433767 -0.494355 
0.000976562 0.410067 0.332554 -0.405119 -0.12839 0.0544857 -0.750081 
0.000976562 -0.13048 -1.4701 -1.06222 -0.167419 0.0371003 0.351833 
0.000976562 -0.0625885 0.26273 -0.312404 -0.454003 0.128328 0.94482 
0.000976562 -0.196018 -0.0577295 0.242102 -0.380558 -0.0575525 0.418499 
0.000976562 -0.712632 0.380983 0.232701 -0.0298079 0.00612786 0.314104 
0.000976562 -0.619783 0.378484 -1.15446 0.190206 -0.434054 -0.179786 
0.000976562 -0.283875 0.0754631 -0.878483 0.0501856 -0.619629 0.404558 
0.000976562 -0.32458 -0.329135 0.0696532 -0.356415 -0.633463 0.0633357 
0.000976562 -1.08996 -0.482153 0.865873 0.262566 0.35058 -0.108853 
0.000976562 -0.046258 0.630113 -0.0120776 0.655332 0.283161 0.646181 
0.000976562 0.083727 0.11422 -0.0862197 -0.395826 -0.490566 1.23051 
0.000976562 0.614713 0.492516 -0.677987 -1.02872 -0.0824953 -0.0524884 
0.000976562 -0.0195196 0.17261 -1.03966 -0.44463 0.480081 0.479434 
0.000976562 0.237264 0.18968 -0.626582 -0.0578019 -0.821954 -0.062675 
0.000976562 0.0258422 0.0829394 -0.350484 -1.10306 0.446078 0.230187 
0.000976562 0.118381 -0.215799 -0.0286448 -0.194474 -0.309644 0.0845325 
0.000976562 0.388142 0.295468 1.0608 -0.38322 -0.232527 0.529948 
0.000976562 1.17529 1.43135 1.72536 0.129289 0.346629 0.37145 
0.000976562 -0.0735536 0.210128 -2.25264 -0.0295422 -0.0763974 -0.238324 
0.000976562 0.554468 1.0981 0.944744 -0.0580997 -0.232917 0.823534 
0.000976562 -0.0377399 -0.0462857 -0.313661 -0.4119 -0.100685 -0.0362697 
0.000976562 0.192172 0.620502 0.592528 -0.217912 -0.423176 -0.44232 
0.000976562 0.890027 0.822439 -0.00116281 -0.121595 -0.0658622 0.087614 
0.000976562 -0.6628 -0.277165 0.960033 -0.525713 -0.845292 0.116076 
0.000976562 0.319359 0.536073 -0.72447 0.194612 -0.0063168 0.373728 
0.000976562 0.940375 0.554073 -0.207852 -0.401413 0.281878 -0.496938 
0.000976562 -1.16707 0.27685 -1.77956 -0.119771 -0.407784 0.0599742 
0.000976562 -0.846185 -0.0894074 -0.0237193 0.440054 -0.185262 -0.294809 
0.000976562 0.415323 0.316987 0.00249014 -0.00168276 0.873102 -0.42106 
0.000976562 -0.549899 0.261545 0.325299 -0.797832 0.156085 -0.0658567 
0.000976562 0.594505 -0.0873114 -1.25704 0.0580107 -0.24198 0.277646 
0.000976562 -0.470228 -0.236967 0.288131 0.563212 -0.316257 -0.481174 
0.000976562 0.590297 1.24894 -0.713433 0.394853 -0.471707 0.46769 
0.000976562 1.03519 0.643138 -1.64304 0.251991 -0.130579 -0.278007 
0.000976562 0.788206 1.08975 -0.0251885 0.428358 -0.288843 0.453621 
0.000976562 0.320391 0.496533 -0.35605 -0.560593 -0.193769 -0.268372 
0.000976562 -0.270993 -0.0723006 0.572553 0.704786 0.168634 -0.0562103 
0.000976562 0.147317 -0.152393 -0.104072 -0.379269 -0.105493 -0.320702 
0.000976562 -0.255417 0.116657 0.558418 -0.0281771 0.486895 0.037234 
0.000976562 -0.621682 -0.718143 -0.83053 -0.202478 -0.545743 0.239611 
0.000976562 -0.520735 -0.707681 0.0610176 -0.267361 0.527701 0.139385 
0.000976562 -0.103833 1.27662 0.390543 0.0164653 -0.418997 -0.33812 
0.000976562 -2.10245 0.409406 -0.117173 0.162007 0.104694 -0.1697 
0.000976562 0.165397 -0.2256 -0.0712343 -0.36812 -0.323294 -0.32582 
0.000976562 -0.412606 0.261322 -0.324775 0.0113038 -0.807005 -0.128617 
0.000976562 0.152714 0.202168 -0.0530666 -0.464869 0.83627 -0.467264 
0.000976562 0.677773 -0.643881 -0.235339 -0.2369 -0.0502952 -0.245907 
0.000976562 0.0870804 1.20991 -0.943918 -0.0842229 0.114068 0.552942 
0.000976562 0.32711 -1.70459 1.92426 0.227118 -0.0297337 -0.249391 
0.000976562 -0.0253187 0.104482 0.349944 0.524474 0.55845 -0.416542 
0.000976562 1.21648 0.339548 -0.92306 -0.0872693 -0.222976 -0.375631 
0.000976562 -0.0509867 -0.0729685 -0.87922 -0.468748 0.617939 0.224352 
0.000976562 0.368829 0.468235 -0.317086 0.875009 -0.102957 0.509161 
0.000976562 -0.218189 0.0898355 -0.281141 0.0632768 -0.202596 0.464153 
0.000976562 0.554736 0.706256 -0.0985533 -0.431223 0.210584 -0.45329 
0.000976562 -0.0629009 1.06051 -0.668683 -0.651525 -0.0671489 -0.102615 
0.000976562 0.0238318 0.27405 0.00463288 0.707381 0.357814 -0.19092 
0.000976562 0.309431 -0.0568262 -0.276876 -0.103637 0.556746 -0.539375 
0.000976562 0.360686 0.671196 -0.257709 0.345314 -0.797261 -0.174824 
0.000976562 -0.822453 -0.733451 -0.292527 0.0488053 0.0125528 -0.0146503 
0.000976562 -0.150754 0.403785 0.369965 0.200743 -0.803024 0.179538 
0.000976562 -0.105723 -0.233902 -0.202231 0.343889 -0.387403 0.863531 
0.000976562 0.221736 0.358926 0.226671 0.626555 -0.31363 -0.469862 
0.000976562 -0.550945 0.111435 0.137548 0.347683 -0.247776 0.27277 
0.000976562 -0.184942 0.195 -0.803343 -0.874011 0.161655 0.673282 
0.000976562 -2.22903 -2.14108 -0.126439 0.0623356 -0.378902 -0.0289482 
0.000976562 -0.259174 0.275105 0.17105 -0.616303 0.931519 -0.220756 
0.000976562 0.49165 0.0396716 0.12294 -0.894184 -0.104634 -0.567576 
0.000976562 0.507455 2.11632 -1.68095 0.116329 -0.36329 -0.160094 
0.000976562 -0.475046 -0.0154572 -0.492403 -1.12166 -0.400811 -0.427834 
0.000976562 0.332978 0.0405382 -0.44473 -0.00567024 0.108232 0.492223 
0.000976562 0.358493 0.14079 0.0827373 0.843868 0.327697 0.592968 
0.000976562 1.65644 -3.3248 -0.82714 0.232239 -0.267256 0.0365645 
0.000976562 -0.75473 1.01437 -0.251384 0.545774 0.460996 0.0112232 
0.000976562 -0.587231 1.00499 -0.44712 -0.265411 0.0790713 -0.412551 
0.000976562 -0.294886 0.334595 -0.114636 -0.343035 -0.233468 -0.343116 
0.000976562 0.0368278 0.0876358 0.371858 -0.0543248 0.442009 -0.539793 
0.000976562 0.711153 2.02819 2.07168 -0.218271 -0.1455 -0.235585 
0.000976562 0.983299 0.53657 0.222802 -0.447188 -0.474472 -0.025785 
0.000976562 -0.0782266 4.39682 -0.591834 0.380039 -0.0459131 -0.00721938 
0.000976562 0.371868 -0.0096673 0.712753 0.252164 -0.081069 0.497076 
0.000976562 -0.0581435 -0.274358 0.074254 0.465634 -0.0649795 -0.327186 
0.000976562 0.7194 -0.251149 -0.198591 -0.432823 0.131376 -0.375258 
0.000976562 -0.201854 -0.181793 0.19497 0.196214 0.170772 -0.084762 
0.000976562 -1.05622 1.41907 -0.492593 -0.0982644 -0.147916 -0.0613415 
0.000976562 -13.4833 4.57398 10.3542 -0.0387143 0.117583 0.0107194 
0.000976562 -0.411413 -0.058501 0.620497 0.115035 -0.863399 0.300179 
0.000976562 0.0635018 -0.356761 1.56153 0.061938 -0.571212 0.10686 
0.000976562 0.187711 0.175593 -0.118469 -0.381203 -0.329612 0.317458 
0.000976562 -0.165556 -0.104608 0.217183 -0.321837 1.02824 -0.436615 
0.000976562 0.432072 0.262628 -0.108708 -0.741002 -0.34016 0.152486 
0.000976562 3.18499 0.434124 -0.230988 -0.219912 -0.04104 0.398814 
0.000976562 -0.169621 0.341127 -0.359572 0.00245958 -0.312616 0.531507 
0.000976562 0.129371 0.0543367 -0.0699382 0.254132 0.102757 0.234963 
0.000976562 0.871855 2.34003 -1.11773 -0.385997 0.202992 0.474421 
0.000976562 -0.325359 -4.35062 -3.64174 -0.00504934 0.0113102 0.40066 
0.000976562 -0.0115783 0.250249 0.372525 -0.481103 0.216029 -0.17339 
0.000976562 -0.356172 -1.31458 0.708027 0.366551 0.0836318 -0.0300824 
0.000976562 -0.00770304 0.110469 -0.091817 -0.362239 -0.819551 -0.253599 
0.000976562 -0.572102 -0.308917 0.370136 0.67493 0.667003 -0.414743 
0.000976562 0.531559 -1.56898 -0.561175 0.129679 -0.187571 0.295243 
0.000976562 0.318035 -0.543746 0.292274 -0.553027 0.453813 0.184592 
0.000976562 0.439744 -0.57327 0.16272 -0.598635 0.526023 0.0322828 
0.000976562 0.517043 -0.123754 0.0742216 -0.772815 -0.34641 0.146968 
0.000976562 0.301737 0.0090581 -0.735557 0.615672 -0.206665 -0.118958 
0.000976562 -0.261001 -1.72015 0.393774 -0.161272 0.238354 0.513936 
0.000976562 1.00264 -3.25506 -0.31208 -0.127055 -0.316657 -0.0462261 
0.000976562 0.300208 -0.21102 0.915645 -0.0261542 -0.0625368 -0.861582 
0.000976562 0.0400848 0.449909 -0.100774 0.173154 0.37372 -0.124815 
0.000976562 0.518382 0.602019 -0.10503 -0.259166 0.449054 -0.151092 
0.000976562 -0.177281 -0.147691 -0.383996 -0.391041 -0.100308 0.602825 
0.000976562 0.223347 0.390075 0.0142213 0.183012 -0.336633 0.570444 
0.000976562 -0.075549 -3.08844 2.15599 0.0513518 -0.143427 0.279758 
0.000976562 -0.032803 0.384588 0.130795 -0.92283 -0.881765 -0.390397 
0.000976562 0.0451926 -0.439267 0.020161 -0.415363 0.0983181 0.238271 
0.000976562 0.192783 -0.368849 0.409834 -0.0338858 -0.777194 -0.00821653 
0.000976562 -0.502564 1.0956 -0.00833565 -0.178095 -0.0572307 -0.233525 
0.000976562 0.333508 0.126426 0.193197 -1.13796 -0.458539 0.434773 
0.000976562 -0.115307 -0.728876 0.593717 -0.22029 0.0494179 -0.0077712 
0.000976562 -0.0186161 -0.587809 0.432928 0.0881979 0.494136 0.0919665 
0.000976562 0.459073 -0.35835 0.0682442 0.113853 0.0996293 0.171544 
0.000976562 -0.291688 0.988098 0.664305 0.310287 0.0121987 -0.083951 
0.000976562 0.110906 -0.122348 0.12522 0.295163 0.0503517 0.087483 
0.000976562 1.23462 -0.642788 -0.148133 0.113685 0.603525 0.00619493 
0.000976562 0.0551482 0.248086 -0.499995 -0.200617 -0.224201 -0.821297 
0.000976562 0.247776 -1.09957 -0.156285 0.0826165 0.586733 -0.271258 
0.000976562 0.0323099 0.333719 0.479709 -0.267822 0.228119 -0.0377553 
0.000976562 -0.181002 0.508553 0.00547192 0.12902 0.215641 0.356562 
0.000976562 -0.700548 -0.192415 0.374959 -0.222385 0.333948 0.17294 
0.000976562 -1.48375 -0.116982 -0.0783164 0.325462 0.255392 0.313522 
0.000976562 -0.302983 -1.17147 -0.716493 0.513437 0.000721283 0.00700853 
0.000976562 0.687624 -0.220183 -0.177368 -0.0136519 0.504557 -0.195285 
0.000976562 0.714461 0.00608152 -1.15666 0.412308 0.465604 -0.41755 
0.000976562 2.48736 -0.439318 2.48297 0.298882 -0.137726 -0.0474642 
0.000976562 -0.144576 0.398272 -3.35628 -0.0676033 -0.219617 0.0345369 
0.000976562 -0.0571062 1.13056 -0.28766 -0.474998 0.0301199 0.109181 
0.000976562 -0.19563 -0.31548 0.0422743 0.611126 -0.0407097 0.268869 
0.000976562 -0.527223 -1.19818 -0.83025 0.188036 0.0415704 0.218049 
0.000976562 -0.74812 0.207838 0.000184121 -0.0299399 0.601213 -0.158892 
0.000976562 -0.403077 -0.226034 0.713664 0.787397 0.512186 0.484982 
0.000976562 -0.88473 0.430167 -0.279294 0.0834609 0.522161 -0.381207 
0.000976562 0.478342 0.504974 0.331871 -0.0383635 -0.498025 0.114678 
0.000976562 -0.112594 0.946855 -1.13068 -0.0488873 0.585571 0.30754 
0.000976562 0.626188 0.194145 0.358938 0.0144336 -0.636792 -0.205939 
0.000976562 -0.0554031 0.272794 -3.31264 0.0856575 0.0244371 -0.0660007 
0.000976562 0.296421 0.879462 0.608405 -0.140706 -0.3787 -0.157985 
0.000976562 0.654125 0.112858 0.685436 0.319144 0.34909 -0.458281 
0.000976562 0.112685 0.294649 0.0552994 -0.839947 -0.910269 0.521516 
0.000976562 -0.420064 -1.71954 2.85517 0.0733533 -0.198692 0.450137 
0.000976562 0.496087 -1.40467 -0.6656 -0.345284 0.216398 0.00442167 
0.000976562 -0.839103 0.190781 0.8543 -0.449637 0.435074 -0.542303 
0.000976562 -0.0148372 -0.957184 -0.687655 -0.0929039 -0.474561 0.0583035 
0.000976562 -0.157152 -0.315139 -0.0823699 0.108503 0.486118 0.531331 
0.000976562 0.171243 0.0671663 -0.221505 -0.0890636 0.418467 -1.12165 
0.000976562 0.504065 1.91244 0.178697 -0.0679878 0.266151 -0.196267 
0.000976562 -0.885383 0.197125 0.228244 0.52897 0.302751 0.2683 
0.000976562 -0.443364 -0.262038 0.598466 -0.386839 0.369962 -0.0239089 
0.000976562 0.122517 -0.0186423 0.662673 -0.0327669 0.702352 -0.424363 
0.000976562 0.150212 -0.111823 0.233357 -0.121695 1.18238 0.673019 
0.000976562 -0.711939 0.177515 0.967342 -0.0920919 0.182291 0.150371 
0.000976562 -2.88593 0.32971 -2.24273 -0.445639 0.128727 -0.33554 
0.000976562 0.0908671 -0.705998 0.543241 -0.171332 0.106867 0.0750009 
0.000976562 0.241999 0.198922 0.122276 -0.083122 -0.405738 -0.37142 
0.000976562 -0.0910295 -0.702205 0.152676 -0.133945 -0.0485919 0.356188 
0.000976562 -0.385627 -0.0459883 -0.164267 0.790232 0.00516509 -1.0329 
0.000976562 -0.447972 0.148851 0.482614 0.627807 0.486362 -0.151615 
0.000976562 -0.53332 0.0495995 0.594962 -0.314513 -0.211082 -0.236136 
0.000976562 -1.51227 -1.01385 -0.032963 -0.372597 0.1083 -0.267114 
0.000976562 -0.146407 0.0875418 -0.0192721 1.07704 -0.456706 0.311112 
0.000976562 -0.286735 -0.291191 -0.0283101 0.298336 0.467268 -0.105783 
0.000976562 0.172797 -0.0464457 0.395576 -0.0373292 0.124105 -0.426618 
0.000976562 0.300622 -0.459412 -0.127502 0.417527 -0.550969 -0.216115 
0.000976562 -1.00756 0.0948024 -0.111992 0.241121 0.0264738 0.0660478 
0.000976562 -0.469003 -0.545258 -0.596147 0.361565 0.0542755 0.0615208 
0.000976562 0.108868 -0.270062 -0.119593 -0.264172 0.580378 -0.0533422 
0.000976562 -0.0397817 -0.0461947 -0.263669 -0.0115863 0.388075 0.490967 
0.000976562 0.0971266 0.136659 -0.219274 0.28138 -0.684605 -0.518455 
0.000976562 0.334709 0.489932 0.228235 -0.0278465 1.04168 -0.0883831 
0.000976562 -0.556014 0.170928 -1.26137 0.183206 0.0699585 -0.696802 
0.000976562 0.143709 -0.389288 -0.762786 0.54813 0.491245 -0.427657 
0.000976562 -0.587421 1.51486 -1.09751 0.572309 0.0214929 0.303305 
0.000976562 -0.424745 0.23798 0.126426 0.514978 0.132265 -0.496711 
0.000976562 -0.707643 -0.336697 0.302005 -0.0656849 0.677163 0.101014 
0.000976562 -0.194059 -0.331571 0.593912 -0.0629743 -0.676944 0.208209 
0.000976562 0.866304 0.00825862 0.185078 0.0844852 -0.402272 -0.113358 
0.000976562 0.484723 -0.146451 -0.528067 -0.175365 -0.638359 0.16213 
0.000976562 0.963267 -0.853899 0.249441 -0.28319 -0.135276 -0.0873119 
0.000976562 -0.433833 0.0946385 -0.789722 0.124694 -0.427079 0.656413 
0.000976562 -0.236949 0.0246923 -0.435902 0.489653 0.0892055 -0.299664 
0.000976562 -0.112937 0.480429 -0.492501 0.442798 -0.561373 0.388782 
0.000976562 0.0167864 1.44909 -0.508054 -0.33028 -0.425203 0.182436 
0.000976562 1.01661 -0.350737 -3.10439 -0.421422 -0.312807 -0.0292158 
0.000976562 -0.92497 -0.800522 0.193336 -0.605991 0.124899 0.623625 
0.000976562 -0.557569 -0.323326 0.0415679 -0.135191 -0.576562 0.143577 
0.000976562 0.0247643 0.12271 0.348875 -0.731788 0.355014 0.0807539 
0.000976562 -0.918538 -0.363722 0.243341 -0.622775 0.46808 0.226146 
0.000976562 -0.222484 0.00212227 0.0804559 0.420824 -0.212768 -0.342412 
0.000976562 0.600384 -0.158762 -0.840226 0.229626 0.404852 0.0235932 
0.000976562 -0.712491 0.000688137 -0.0209347 -0.0860806 -0.596151 -0.161954 
0.000976562 0.215343 0.147578 0.0346942 -0.503785 -0.21866 0.417332 
0.000976562 1.18798 0.384653 0.0516195 0.166747 0.191621 -0.153482 
0.000976562 0.207452 -0.0825823 -0.205492 0.426395 0.625096 0.377222 
0.000976562 1.26175 0.796188 -0.439 0.512038 -0.265949 -0.211119 
0.000976562 -0.28255 0.0979972 0.0513383 -0.12464 -0.309649 -0.375366 
0.000976562 -0.0368781 -0.182683 0.791811 -0.476151 0.164985 0.386653 
0.000976562 0.238911 0.453789 0.169761 0.598024 0.375465 -0.03274 
0.000976562 0.0261438 0.0585957 -0.322493 0.333286 0.054552 -0.416743 
0.000976562 -0.96599 -0.561629 0.73113 0.268359 -0.350726 0.318943 
0.000976562 0.0146588 -0.24245 -0.652701 -0.563589 -0.509345 0.175086 
0.000976562 0.314494 0.716 -0.0758863 0.119862 0.687829 0.264583 
0.000976562 -2.61816 -1.12724 -2.64009 -0.258343 0.0318646 -0.250706 
0.000976562 0.153836 -0.26669 -0.451456 0.251119 0.12426 -0.154599 
0.000976562 -0.803572 1.99308 -1.2544 0.0368852 -0.228919 0.517104 
0.000976562 -0.570118 0.112804 -0.808241 0.389494 0.0189348 0.26188 
0.000976562 -0.126962 0.60512 -2.16197 -0.248815 0.180698 -0.150555 
0.000976562 0.401526 0.188555 0.72594 0.440652 -0.0660666 0.331679 
0.000976562 0.459751 -0.182047 -0.695735 -0.70325 -0.163983 0.118298 
0.000976562 0.227571 -0.0531769 -0.492643 -0.830088 0.556785 0.117875 
0.000976562 0.805729 -0.510006 -1.27601 0.298311 0.0591545 -0.195462 
0.000976562 -0.523042 -1.8288 -1.03922 0.171579 -0.0947339 0.0370089 
0.000976562 0.446708 1.11078 -0.450265 0.385369 0.212219 -0.124651 
0.000976562 0.139515 -0.500136 -0.164689 -0.269866 0.339938 -0.716134 
0.000976562 -0.165164 -0.288258 -0.388382 0.00531409 0.524659 -0.844517 
0.000976562 0.0323382 0.887666 0.856632 -0.624913 -0.406299 -0.098629 
0.000976562 -0.0793009 0.06898 0.0419262 -0.374651 -0.0807829 -1.01658 
0.000976562 0.171065 0.570059 -0.325386 0.0282632 -0.317388 0.627944 
0.000976562 -0.467035 0.306881 -0.151129 -0.0525 -0.447691 0.364796 
0.000976562 -1.04181 0.146463 1.05454 0.198614 0.264501 -0.172648 
0.000976562 0.288346 -0.19352 0.47986 -0.165479 0.272308 0.522537 
0.000976562 0.14597 0.530531 0.169494 -0.762812 -0.0139463 -0.117655 
0.000976562 -0.246113 -0.589936 0.165741 -0.411826 -0.0841657 0.800896 
0.000976562 0.0164204 0.519837 0.175987 -0.334891 0.288164 0.50812 
0.000976562 -0.344129 0.486006 -0.340726 -0.577911 0.807844 -0.102728 
0.000976562 0.808676 -0.165366 0.43335 -0.143856 0.14193 0.340663 
0.000976562 0.307463 0.0250039 -0.400453 -0.121699 -0.885629 -0.0143395 
0.000976562 0.0935708 -1.30311 0.384802 0.378839 0.190204 -0.216534 
0.000976562 -1.54374 -0.195875 1.79663 0.37352 -0.157627 -0.172087 
0.000976562 1.1088 0.421867 -0.125281 -0.0658934 0.0818164 -0.32812 
0.000976562 0.283775 -0.465569 -0.36069 0.0843347 0.320611 0.439748 
0.000976562 1.07299 -0.421464 0.710509 0.0826251 0.0130538 -0.57944 
0.000976562 0.240804 1.00862 -0.00089598 0.337049 -0.420536 -0.00302127 
0.000976562 -0.326192 0.260563 0.161962 -1.00916 -0.439487 0.00679736 
0.000976562 0.554474 -0.851231 0.110017 0.327603 0.188849 -0.715415 
0.000976562 -0.115224 0.267421 1.19132 0.0954841 0.190214 -0.150787 
0.000976562 -1.13887 -2.14554 -0.212363 0.258353 -0.0663662 -0.244958 
0.000976562 -4.91338 0.675016 3.98957 0.0944447 -0.304474 0.00199634 
0.000976562 8.86058 -15.8771 -11.1453 -0.0111034 -0.0954148 0.0455141 
0.000976562 -0.608836 0.0441298 0.156875 -0.114183 0.204762 -0.663389 
0.000976562 -0.133997 -0.483958 -0.221218 -0.425786 0.332785 -0.083817 
0.000976562 -3.15611 -1.66574 -1.1757 0.0151764 -0.0998596 0.0758582 
0.000976562 0.507203 0.125814 0.00138497 -0.611412 0.354472 -0.02583 
0.000976562 0.0887711 -0.639965 0.1357 0.540316 -0.0320798 -0.276246 
0.000976562 -0.615078 -0.549163 0.0190534 0.245065 0.15133 -0.274623 
0.000976562 0.122393 0.450142 0.457271 0.175287 0.296907 -0.450563 
0.000976562 1.41486 0.452864 -1.7871 -0.344384 -0.113792 -0.162023 
0.000976562 0.833194 -0.73464 -0.472849 -0.44549 0.0667247 0.0516855 
0.000976562 0.788509 0.766942 -0.579888 -0.0125025 -0.0847274 0.307337 
0.000976562 1.62115 -4.60715 -0.605643 0.122665 -0.191803 -0.00735337 
0.000976562 0.0174864 -0.245159 0.320621 -0.365314 0.175224 -0.495512 
0.000976562 0.847555 -0.346893 -1.37887 0.369071 -0.00242606 -0.165526 
0.000976562 0.192324 0.540235 -1.18091 -0.272287 -0.460657 -0.0256497 
0.000976562 0.690009 -0.875271 1.19563 0.408872 0.117345 0.326044 
0.000976562 -0.0853898 0.0461328 0.23686 1.24119 -0.25697 -0.214247 
0.000976562 -0.0233339 0.122611 -0.776079 0.0250348 0.523457 0.420909 
0.000976562 -0.302529 0.88969 -0.615656 -0.492282 0.790145 -0.367408 
0.000976562 -0.125628 0.199456 -0.184868 0.0289696 -0.30606 0.77275 
0.000976562 -1.14465 0.417788 -0.196122 0.0510786 0.0107453 -0.00433671 
0.000976562 0.518259 -0.425332 -0.603625 -0.00526744 -0.261372 -0.00071719 
0.000976562 -0.630542 -0.732585 0.358473 -0.102635 0.198178 -0.564855 
0.000976562 -1.02079 0.144785 0.0754847 0.351467 0.317326 -0.168997 
0.000976562 -0.339518 0.200674 0.388591 -0.021321 -0.115253 0.0228935 
0.000976562 -0.56479 0.16639 -0.64381 -0.276933 0.309101 -0.0953523 
0.000976562 -0.0158266 -0.220401 -0.0964482 -1.02232 0.171144 -0.224379 
0.000976562 -0.181674 0.31804 -0.508722 -0.344234 -0.573598 0.91765 
0.000976562 -0.221687 -0.213129 0.213488 0.215344 -0.966807 -0.137338 
0.000976562 0.356359 -0.24934 1.08078 -0.0176753 -0.0655806 -0.484107 
0.000976562 0.26332 -0.561509 -0.241053 -0.589305 -0.461893 0.349885 
0.000976562 -2.20183 2.37729 0.520292 0.328063 0.148105 0.266499 
0.000976562 0.58186 -0.161814 0.757887 -0.705266 0.455269 -0.276328 
0.000976562 -0.196988 -0.44801 -0.479052 0.26938 -0.323933 0.366026 
0.000976562 -1.5766 0.27567 1.06126 0.324104 0.163386 0.666817 
0.000976562 0.49471 0.765957 -0.202583 0.0497175 0.460797 0.0940822 
0.000976562 -0.126038 -0.141996 0.124938 -0.525804 0.0828602 0.459276 
0.000976562 -0.0483866 0.889551 0.590732 -0.646508 -0.201114 0.464802 
0.000976562 -0.263289 0.698422 -0.1061 0.341416 -0.754764 -0.150822 
0.000976562 0.00343496 -0.0050567 0.420183 -0.517623 0.820755 0.249607 
0.000976562 -0.341745 0.311436 0.206965 0.32232 0.472747 0.748186 
0.000976562 0.47002 0.160911 -0.504189 -0.329552 -0.562966 -0.0403489 
0.000976562 0.560485 0.933194 -0.847196 -0.456169 -0.374844 0.101291 
0.000976562 1.10492 -0.300539 0.0507436 0.150947 -0.0569545 -0.255604 
0.000976562 -0.253655 0.0546978 -1.04091 -0.439429 -0.136567 0.687488 
0.000976562 -0.0385371 0.329762 0.182092 1.23677 0.329989 0.49905 
0.000976562 0.785638 -0.282722 -0.115224 0.279197 0.00640212 0.0838878 
0.000976562 0.0386023 1.09572 -0.286404 -0.181278 -0.259006 0.0933913 
0.000976562 0.859962 -0.908827 0.193381 0.455391 -0.211367 -0.606847 
0.000976562 0.32428 -0.109667 0.118594 -0.554021 0.115671 -0.773162 
0.000976562 0.493746 0.0790804 -0.556337 0.713393 0.199188 0.807636 
0.000976562 0.521795 -0.0664494 -0.222364 0.0192958 0.252896 -0.32434 
0.000976562 0.155641 0.269384 0.173792 0.0923494 -0.390342 0.749276 
0.000976562 -0.380342 0.097222 0.141262 1.25133 0.0148741 -0.470624 
0.000976562 0.165395 -0.587296 -0.718103 0.390125 0.22306 0.0283735 
0.000976562 -0.020131 0.402987 0.113262 0.597871 -0.464424 -0.22384 
0.000976562 1.12756 0.352465 -1.20065 -0.228959 0.0246577 -0.0654959 
0.000976562 3.32524 0.4628 2.68524 0.257491 -0.096265 -0.0454914 
0.000976562 -0.219807 -0.421933 0.0460022 -0.0912426 0.320029 0.636288 
0.000976562 0.0932525 0.847424 1.27373 0.330046 0.383279 0.559561 
0.000976562 -0.831979 0.642922 -0.250734 -0.159467 -0.248627 -0.540699 
0.000976562 1.80476 -1.25542 -0.399893 0.0316512 0.246611 -0.343907 
0.000976562 0.447337 0.380212 -0.00578221 -0.807249 0.0741679 -0.550814 
0.000976562 -0.088651 -0.396458 -0.169919 -1.24029 0.589651 -0.0948482 
0.000976562 -0.187722 0.00803019 0.307149 0.25567 -0.256126 -0.671563 
0.000976562 -0.00600243 0.114746 0.157965 0.340697 -0.264724 -0.0905845 
0.000976562 0.0471019 0.0928869 -0.219619 -0.210657 -0.0348666 0.0324873 
0.000976562 -0.144006 -0.365111 0.145521 -0.620341 -0.282451 0.256493 
0.000976562 0.219888 -0.202564 -0.496099 0.514328 -0.272911 -0.292152 
0.000976562 0.180647 0.424838 -0.0831161 0.320915 -0.134586 0.45991 
0.000976562 -0.682532 -0.35702 0.184342 0.505197 0.443464 -0.0602291 
0.000976562 -0.0768247 -0.365529 -0.00127042 0.143366 -0.217276 0.765218 
0.000976562 0.0528342 -0.522805 0.792238 0.225962 0.211016 -0.708935 
0.000976562 0.942654 -2.34854 -1.5859 0.0267473 -0.38004 -0.0542349 
0.000976562 0.359135 -1.09141 -0.171132 -0.623836 -0.425586 0.0880225 
0.000976562 0.767555 -0.0910253 -0.058668 -0.551619 0.65442 -0.00641874 
0.000976562 0.190844 0.0266263 -0.0447212 1.01775 -0.0369538 0.892906 
0.000976562 -0.176627 -0.158228 0.0968312 0.55897 -0.129661 0.128339 
0.000976562 0.209071 0.453729 0.182125 -0.528626 0.718659 0.265231 
0.000976562 -0.279462 0.308582 0.355057 0.0566418 -0.489662 -0.458114 
0.000976562 -0.273114 0.115211 -0.286768 0.152236 0.342607 0.835612 
0.000976562 -0.0844112 0.318858 -0.317191 0.340048 -0.776236 -0.0856129 
0.000976562 -1.58758 2.52421 0.79321 0.190244 -0.110354 -0.140651 
0.000976562 0.160032 -0.582548 -0.515583 0.525109 0.281438 0.411758 
0.000976562 -0.564794 -0.107423 0.660616 0.025985 -0.527164 0.429324 
0.000976562 0.113687 0.117762 0.260637 -1.06947 -0.125935 0.261074 
0.000976562 -0.0107141 0.91128 0.439258 -0.425837 0.627034 0.199755 
0.000976562 0.117023 0.140583 0.762816 -0.13779 -0.0452206 0.78892 
0.000976562 -0.72801 0.36464 -0.204083 -0.577921 -0.099602 0.0564067 
0.000976562 -0.0494107 -0.484598 -0.708576 0.544942 -0.393897 0.0095733 
0.000976562 -0.844001 0.104617 -0.0657388 0.0624427 -0.137243 -0.553433 
0.000976562 -0.561549 -0.218777 -0.152909 -0.254611 0.161361 -0.593915 
0.000976562 -0.617684 0.134104 0.379397 -0.690424 0.122167 -0.693751 
0.000976562 0.220938 0.0910531 -0.197272 0.35795 0.561262 -0.426214 
0.000976562 0.249822 -0.161272 1.29872 -0.193824 -0.0767955 0.748629 
0.000976562 -0.451158 0.533904 0.0231126 0.454992 -0.0262689 -0.565476 
0.000976562 -0.222905 0.592825 0.624147 0.462973 0.0158382 0.0249343 
0.000976562 1.11982 -2.05302 0.88458 0.272861 0.0182217 0.293039 
0.000976562 -1.01665 -0.142285 -0.0748751 0.174246 0.858954 -0.0671553 
0.000976562 0.143176 -0.832857 -0.253585 -0.104625 -0.192215 0.0526744 
0.000976562 0.121892 0.0622572 0.0117795 -0.525229 -0.0843997 -0.485401 
0.000976562 0.0717933 -0.568914 0.359754 0.358001 0.139026 -0.52698 
0.000976562 -0.294797 -0.162436 -0.128476 -0.297318 0.260778 1.12872 
0.000976562 0.147442 -1.32336 1.38624 -0.537922 -0.239877 -0.541438 
0.000976562 0.26037 -0.282498 0.34174 0.0199764 -0.485118 -0.160851 
0.000976562 -0.817794 -0.40898 0.0127744 0.675365 0.558961 -0.263923 
0.000976562 0.421611 0.0593157 -0.775549 -0.841675 0.380759 0.231424 
0.000976562 0.086146 -0.249505 1.29781 -0.361835 -0.379823 -0.398574 
0.000976562 0.00113594 0.165186 -0.127429 0.494982 -0.0147355 -0.443367 
0.000976562 0.27661 0.129166 -0.102208 0.12677 0.116473 0.659962 
0.000976562 5.52732 6.34756 0.678202 0.00261047 -0.123741 -0.238402 
0.000976562 0.708611 -1.33999 0.449712 0.197454 0.418529 0.176516 
0.000976562 1.11466 0.34652 1.18238 -0.0442225 0.198416 0.0309387 
0.000976562 -0.234439 0.0238687 -0.489047 0.103433 -0.522882 -0.700607 
0.000976562 0.580085 0.037897 0.0967932 -0.189711 0.547218 0.664259 
0.000976562 0.1758 0.0974362 0.148178 0.10438 0.00146248 -0.740142 
0.000976562 0.37137 -0.224292 -0.17658 -0.441902 0.0647336 -0.140542 
0.000976562 0.130579 0.551726 -0.293532 0.235622 -0.054239 -0.384014 
0.000976562 -0.252306 0.201608 0.800948 -0.0171361 0.0511338 -0.239008 
0.000976562 -0.0701551 -0.115709 -0.110247 0.0174211 -0.793193 0.380674 
0.000976562 -0.702889 0.0535303 -0.325001 -0.412094 -0.22478 -0.656999 
0.000976562 0.302653 0.212083 0.329104 -0.40432 -0.116721 0.391814 
0.000976562 0.475413 -0.556146 0.398222 0.252366 0.268635 -0.12112 
0.000976562 0.455278 0.243361 -0.822543 -0.251533 0.0774741 0.371975 
0.000976562 -2.22568 1.84455 -1.47877 -0.359017 -0.3294 0.278693 
0.000976562 0.681894 -0.189587 0.234095 0.344875 -0.879008 -0.128369 
0.000976562 -0.159348 -0.0147976 0.00768239 -0.50469 0.910249 -0.399965 
0.000976562 -2.00106 -0.880572 0.118167 -0.323726 0.46703 0.0937015 
0.000976562 -0.154081 0.269494 -0.845323 0.257997 -0.0477247 0.26872 
0.000976562 1.49441 0.71568 0.744409 0.0842587 -0.408884 0.219789 
0.000976562 -0.11469 0.466052 -0.174742 0.441638 -0.440737 0.456138 
0.000976562 -0.627745 0.679728 0.361823 0.125388 -0.569845 0.0585196 
0.000976562 0.0440687 0.509884 0.100632 1.11664 0.180983 0.09218 
0.000976562 0.295999 -1.52234 1.86148 0.150081 -0.378084 0.161902 
0.000976562 0.166842 -1.12445 0.855626 -0.800234 -0.0135176 -0.168398 
0.000976562 0.461435 -0.275571 -1.01549 0.0134284 -0.202196 -0.162324 
0.000976562 -0.00590702 -0.490117 -0.431589 0.447057 -0.0605476 0.00457346 
0.000976562 0.2381 0.172684 -0.35781 0.756415 0.20834 0.575434 
0.000976562 -0.1094 -0.305573 0.32474 -0.0228093 -0.198352 0.512256 
0.000976562 -0.596554 -0.375682 0.556947 0.498019 0.256619 0.279652 
0.000976562 0.162317 0.22956 0.61988 0.279328 0.141287 0.90443 
0.000976562 0.531205 0.381004 -0.225073 -0.404803 0.0596713 -0.213938 
0.000976562 0.24819 -0.463167 0.529001 0.843755 -0.460299 -0.30158 
0.000976562 -0.115268 -0.415306 -0.0252666 0.0232515 0.649462 0.604998 
0.000976562 -0.123417 0.0434289 -0.580562 -0.154496 -0.0246154 -0.404185 
0.000976562 0.101928 0.463995 -0.241194 -0.420499 -0.399247 0.155218 
0.000976562 0.169548 -0.337826 0.322189 -0.341562 0.44943 0.466142 
0.000976562 -0.412833 2.11747 -0.879643 0.167571 0.00812119 0.121403 
0.000976562 0.067811 -0.30732 0.16771 -0.446828 0.294959 0.530814 
0.000976562 0.491276 0.360227 0.0749123 -0.795407 0.280765 1.05917 
0.000976562 0.925433 -0.122946 -0.580672 0.128462 0.465062 -0.573208 
0.000976562 -0.20451 0.789782 0.358319 0.500669 -0.539084 0.388965 
0.000976562 -0.32744 0.0740646 0.050316 -0.9082 0.597053 -0.701699 
0.000976562 0.0565502 -0.318158 -0.0485597 0.22205 0.472347 -0.710727 
0.000976562 -0.823839 0.0796528 -1.30065 0.152934 -0.199406 0.110071 
0.000976562 -0.144492 0.0295058 -0.133517 -0.281639 -0.463937 0.927313 
0.000976562 0.0428221 -0.140734 0.0153305 0.305555 0.0593739 0.102764 
0.000976562 0.0345256 -0.458431 -0.190022 -0.44086 -0.0849521 0.26631 
0.000976562 0.923529 0.0310176 -0.835355 -0.246814 -0.660745 0.381891 
0.000976562 0.581096 0.330491 0.247131 0.455271 0.275064 -0.401178 
0.000976562 -1.55497 0.467562 0.553575 -0.291758 0.132556 0.0474587 
0.000976562 0.215102 -0.417657 -0.846732 -0.0846386 -0.411877 0.196523 
0.000976562 -0.204417 -0.291548 -0.18246 -0.121844 -0.321329 0.736872 
0.000976562 0.288511 0.0275208 0.164026 -0.138236 -0.316654 0.433942 
0.000976562 0.0161102 1.17411 0.00686441 0.139586 -0.661463 -0.121966 
0.000976562 0.2554 -0.219884 0.0827339 -0.0725236 -0.626757 -0.733637 
0.000976562 0.26704 0.00287531 -0.289681 0.089877 -0.185414 -0.31831 
0.000976562 -0.252078 0.15421 0.257542 0.490377 -0.914004 -0.0917853 
0.000976562 -0.519157 -1.60056 0.258432 0.421231 -0.209834 0.308617 
0.000976562 0.0770542 -0.217678 -0.0388758 0.752471 -0.208273 0.339395 
0.000976562 0.422007 -0.977081 0.17873 -0.309612 -0.0873461 0.260414 
0.000976562 -0.161781 0.168867 -0.0736366 -0.000232818 0.489395 -0.1861 
0.000976562 -0.178458 0.296552 -0.404828 0.71545 0.619328 0.0503713 
0.000976562 -1.09601 1.72688 0.677886 0.0156029 -0.358951 -0.205451 
0.000976562 0.272355 -0.528115 0.251205 0.398915 -0.243043 0.197554 
0.000976562 0.294933 -1.06764 -1.93072 0.103806 -0.266175 0.27722 
0.000976562 -2.19024 1.06667 -0.114872 -0.39592 0.480455 0.280471 
0.000976562 1.40193 -0.34951 -1.10859 -0.381986 0.0718245 -0.321607 
0.000976562 0.103334 -0.0787826 0.0522812 -0.618077 1.1734 0.178654 
0.000976562 0.0950001 -0.0679408 -0.210157 0.211917 -0.744171 0.0574425 
0.000976562 -0.375149 0.152422 -0.0137221 -0.441538 -6.8593e-05 -1.00177 
0.000976562 0.274786 -0.396891 -0.221958 0.921711 -0.118026 -0.0540648 
0.000976562 -0.0709854 -0.839475 -0.142067 -0.10863 0.629031 -0.0806731 
0.000976562 0.27036 -0.0387635 -0.108225 -0.210502 0.460853 -0.0509281 
0.000976562 -0.299859 -0.288135 0.41827 0.446139 0.107824 -0.916645 
0.000976562 -0.00440007 0.00651894 -0.703543 0.752446 0.0338695 0.256696 
0.000976562 -2.85086 1.43353 -2.16578 -0.104214 -0.191561 0.146617 
0.000976562 -0.590358 -0.323694 -0.562157 0.567666 0.159445 0.254119 
0.000976562 -0.200341 -0.0350764 0.271061 -0.890005 0.0461859 0.0697766 
0.000976562 -0.526585 0.296731 -0.297827 -0.0262238 0.0122206 0.255374 
0.000976562 -1.7303 -0.782584 -0.219043 -0.266213 0.130769 -0.354886 
0.000976562 -1.1748 0.080137 -0.490831 0.269121 -0.219296 -0.373702 
0.000976562 0.989571 1.10832 -0.153532 0.190351 -0.331367 -0.284556 
0.000976562 -1.66914 1.91017 -0.581343 0.231794 0.102369 -0.0212415 
0.000976562 0.0959434 -0.00507282 -0.504036 -0.350965 -0.425894 0.719409 
0.000976562 -0.627714 0.302298 -0.316544 0.108314 0.27296 -0.283833 
0.000976562 -0.00397267 -0.00553181 0.142115 -0.025718 0.740008 0.00559209 
0.000976562 -0.0704093 0.280933 0.624839 0.0733228 0.810561 -0.640186 
0.000976562 0.105782 -0.515394 -0.373224 0.050784 0.243434 0.53619 
0.000976562 0.266409 -0.745313 0.342026 0.100067 0.0121613 -0.135933 
0.000976562 -0.427473 -0.283158 0.204547 0.835856 -0.184725 -0.0678119 
0.000976562 0.242632 0.14267 0.455077 -0.883583 0.157152 0.604038 
0.000976562 0.330271 -1.00481 0.096799 0.0576882 -0.0772121 0.441784 
0.000976562 0.522071 0.637617 -1.22646 -0.0126218 -0.349562 0.0417241 
0.000976562 -0.278552 -0.697382 -0.0820252 0.230251 -0.398509 0.547578 
0.000976562 0.516871 0.417049 -0.849067 0.213591 -0.418347 0.203028 
0.000976562 10.8317 -4.52259 2.86187 0.127133 -0.0959472 0.140001 
0.000976562 1.33541 0.816899 0.0120507 -0.116207 0.344369 0.443392 
0.000976562 0.273662 0.499882 -0.450191 -0.149666 0.476269 -0.217362 
0.000976562 -1.21653 0.109754 -0.592975 -0.469775 0.185066 -0.297664 
0.000976562 0.21357 1.21125 2.30693 0.00468357 0.262349 0.176099 
0.000976562 -0.0380897 -0.83124 0.578591 0.128191 -0.337978 -0.202075 
0.000976562 -1.36514 0.449438 0.393702 -0.14507 0.141551 -0.10054 
0.000976562 -0.427496 -0.581445 0.137966 0.530089 0.670833 -0.147933 
0.000976562 -0.745971 0.0168393 0.40685 0.315499 -0.174783 -0.337163 
0.000976562 -0.875196 -0.679322 -0.958214 0.0865948 0.19347 0.293965 
0.000976562 -0.0466392 0.0866836 0.685385 0.474819 0.144051 0.197161 
0.000976562 3.29791 2.31949 -0.646092 0.207173 -0.211057 -0.115868 
0.000976562 -2.30218 -1.45811 -1.35498 -0.0472762 -0.316705 0.0737557 
0.000976562 -0.478877 -0.952914 0.314466 -0.327859 -0.284368 0.222337 
0.000976562 -0.14309 0.639503 -0.401914 0.395048 0.13465 -0.0178951 
0.000976562 0.918178 0.131256 0.165771 0.0800068 0.187931 -0.427333 
0.000976562 1.64446 -1.40859 -1.27787 0.111496 0.157198 -0.568307 
0.000976562 -0.342211 0.367834 0.35831 0.515259 0.0420264 0.172222 
0.000976562 0.0156317 -0.130271 0.240059 0.783735 -0.221722 -0.0420304 
0.000976562 -0.0313385 -0.0149903 0.144034 0.144733 -0.144005 -0.709111 
0.000976562 -0.802771 -0.852694 1.06671 -0.477236 0.0120518 -0.100754 
0.000976562 -1.1828 -0.584097 0.481607 0.247894 -0.0772836 -0.0372379 
0.000976562 -0.0128215 0.0687357 -0.242909 -0.0341442 1.16229 -0.318208 
0.000976562 -1.16451 -0.426051 -0.139139 -0.659458 -0.131813 -0.212941 
0.000976562 -0.943875 -0.751611 -1.00502 0.444514 -0.21749 -0.086912 
0.000976562 -0.586889 0.194751 0.00669861 0.657189 -0.0753099 -0.581042 
0.000976562 0.337216 -1.8461 0.484678 0.365093 -0.0416148 -0.0983566 
0.000976562 1.99321 -0.485341 0.021267 -0.01112 -0.0423709 0.360331 
0.000976562 -0.13754 1.50494 -0.0503579 -0.400465 0.308656 -0.552832 
0.000976562 -0.149591 -0.660035 -0.576125 0.236279 -0.188345 -0.532288 
0.000976562 0.521565 0.413291 -0.170197 -0.177932 -0.48808 0.640899 
0.000976562 -2.04377 -0.0436606 -0.874023 -0.275592 0.0707333 0.176278 
0.000976562 -0.0597222 -0.377407 -0.510308 0.232629 -0.438273 0.592595 
0.000976562 -0.483625 0.20332 0.233631 0.571609 -0.183637 0.0557078 
0.000976562 -0.307373 0.932297 0.250726 0.00516449 0.127554 -0.365629 
0.000976562 -0.311885 0.182201 -0.455218 0.25699 -0.0428243 -0.179493 
0.000976562 1.80631 0.316081 -0.356983 -0.288992 0.419138 -0.268227 
0.000976562 -0.584062 -0.941661 -0.536449 -0.28939 0.112886 -0.1809 
0.000976562 0.0709386 0.0310588 0.604866 -0.144582 -0.255634 0.148473 
0.000976562 -0.721336 1.66246 -0.256773 0.364157 -0.247297 -0.0228748 
0.000976562 -0.175107 -0.621495 -0.385778 -0.114757 0.199704 -0.0908348 
0.000976562 -0.466181 -0.00283257 0.211896 0.0860462 -0.132857 -1.03245 
0.000976562 -0.266561 -0.101397 0.124129 -0.197893 -0.478997 0.127933 
0.000976562 -0.982736 0.373347 0.896712 0.0863969 0.0759292 -0.287189 
0.000976562 -0.212987 0.400269 0.531904 0.120979 0.123473 0.0451322 
0.000976562 0.190088 -0.485953 -0.119192 0.89898 0.109967 0.337006 
0.000976562 0.144064 1.00632 -0.217673 -0.139733 0.104876 -0.216303 
0.000976562 0.101268 0.419573 0.343088 0.904809 0.526453 -0.221402 
0.000976562 0.277504 0.166779 2.59438 -0.0169911 -0.114093 -0.245108 
0.000976562 0.364788 0.400753 0.0909169 0.12385 -0.458119 -0.185513 
0.000976562 -1.81614 -0.97468 0.755802 -0.424816 0.241117 -0.166317 
0.000976562 -0.364765 -0.601347 0.38178 0.122713 0.0984843 -0.311968 
0.000976562 0.171368 -0.604567 0.797991 -0.672357 -0.0929792 -0.0309308 
0.000976562 -1.71669 0.082216 0.328801 -0.449007 0.576277 0.170369 
0.000976562 0.0577381 0.393079 -0.234834 -0.0590372 0.542759 0.36225 
0.000976562 0.349797 -0.455963 -0.15712 -0.540354 0.277317 0.464433 
0.000976562 4.1932 -2.63212 -0.238942 0.4152 -0.106084 -0.274398 
0.000976562 -0.144653 0.243717 0.403553 0.0972608 0.256255 0.478804 
0.000976562 0.0325852 -0.165835 -0.0197368 0.856511 -0.175935 -0.686273 
0.000976562 4.3861 2.6315 0.107504 -0.0129708 0.185396 0.26609 
0.000976562 -0.348271 0.553982 0.0945174 -0.197112 0.536906 -0.087807 
0.000976562 0.458375 1.19409 -0.188381 -0.256675 -0.30046 -0.171453 
0.000976562 0.271567 -0.213994 -0.32105 0.63621 -0.396456 0.369961 
0.000976562 -0.675513 -0.834742 0.153217 -0.313753 -0.185766 0.450728 
0.000976562 1.45895 0.346722 0.0623211 0.306125 -0.0428036 -0.301519 
0.000976562 -0.356234 0.258513 0.495766 0.850082 0.415204 0.0549665 
0.000976562 -0.248946 0.0848428 0.360747 0.0757681 -0.219421 0.605917 
0.000976562 0.364476 0.142815 -0.084415 -0.0981472 0.0158705 0.946111 
0.000976562 0.0166923 0.249202 0.774716 0.236369 0.593213 0.278251 
0.000976562 0.075223 0.180494 1.36662 -0.21519 0.522201 -0.00591525 
0.000976562 -0.239877 0.0412243 0.0316698 0.0409416 0.272796 0.150364 
0.000976562 0.379193 0.15331 0.547647 -0.17249 -0.545089 0.314999 
0.000976562 0.186578 0.349226 -0.51324 -0.251811 0.171801 -0.271073 
0.000976562 -0.43511 0.122626 0.278027 0.185352 0.463197 -0.217381 
0.000976562 -0.339922 -0.515927 -0.728197 -0.346164 0.531933 -0.224268 
0.000976562 1.16912 -0.606865 0.304721 -0.488291 -0.213629 0.173968 
0.000976562 0.801397 -0.613896 0.344384 -0.317775 -0.610097 0.13779 
0.000976562 0.115626 -0.641938 -0.0258419 0.727838 0.3959 0.151604 
0.000976562 -0.669912 0.155501 0.942134 0.459177 0.111529 -0.0637862 
0.000976562 -0.0352615 -0.102165 0.431858 -0.438843 -0.458243 0.343662 
0.000976562 3.56369 1.3535 -1.61014 -0.107904 -0.22 -0.453736 
0.000976562 0.58511 -0.150919 0.129992 0.778315 0.116346 -0.190183 
0.000976562 -1.02981 -0.916829 0.728827 -0.317331 -0.248421 -0.0104081 
0.000976562 0.0895221 -0.244333 0.00406247 0.372388 -0.645546 0.00817784 
0.000976562 0.686461 6.95678 2.08045 -0.0424751 0.0260415 -0.190951 
0.000976562 -0.0458872 -0.249356 -0.348173 0.11359 -0.0327499 0.8111 
