123
152
211
431
129
31
123
552
23
121
11
85
112
218
239
112
222
111
333
123
123
231
12
123
321
222
341
223
451
234
124
124
521
341
234
213
123
123
123
123
123
123
123
123
13
13
131
132
341
123
532
324
453
32
34
432
432
23
234
123
45
452
432
64
432
62
432
623
534
562
662
222
434
623
522
117
231
234
223
21
451
211
109
293
59
21
50
22
30
282
102
483
210
492
12
11
39
122

123
152
211
431
129
31
123
552
23
121
11
85
112
218
239
112
222
111
333
123
123
231
12
123
321
222
341
223
451
234
124
124
521
341
234
213
123
123
123
123
123
123
123
123
13
13
131
132
341
123
532
324
453
32
34

